symbol,timestamp,open,high,low,close,volume,source,last_updated
SONACOMS,2026-01-13 09:15:00,457.95,459.3,456.85,458.95,2105,DHAN_HISTORY,2026-03-15 18:22:57
SONACOMS,2026-01-13 09:16:00,459.25,459.25,458.7,459.0,2572,DHAN_HISTORY,2026-03-15 18:22:57
SONACOMS,2026-01-13 09:17:00,459.0,459.65,459.0,459.6,3129,DHAN_HISTORY,2026-03-15 18:22:57
SONACOMS,2026-01-13 09:18:00,459.65,459.7,459.15,459.15,1359,DHAN_HISTORY,2026-03-15 18:22:57
SONACOMS,2026-01-13 09:19:00,459.1,459.35,458.6,459.3,4349,DHAN_HISTORY,2026-03-15 18:22:57
SONACOMS,2026-01-13 09:20:00,459.25,459.45,458.75,459.05,8019,DHAN_HISTORY,2026-03-15 18:22:57
SONACOMS,2026-01-13 09:21:00,459.1,459.1,458.65,458.75,4082,DHAN_HISTORY,2026-03-15 18:22:57
SONACOMS,2026-01-13 09:22:00,458.8,459.5,458.5,459.35,2959,DHAN_HISTORY,2026-03-15 18:22:57
SONACOMS,2026-01-13 09:23:00,459.4,459.75,459.15,459.7,4075,DHAN_HISTORY,2026-03-15 18:22:57
SONACOMS,2026-01-13 09:24:00,459.7,459.9,459.4,459.9,2046,DHAN_HISTORY,2026-03-15 18:22:57
SONACOMS,2026-01-13 09:25:00,459.9,459.9,459.4,459.75,2410,DHAN_HISTORY,2026-03-15 18:22:57
SONACOMS,2026-01-13 09:26:00,459.7,459.75,458.8,458.8,2329,DHAN_HISTORY,2026-03-15 18:22:57
SONACOMS,2026-01-13 09:27:00,458.8,459.2,458.65,458.8,1355,DHAN_HISTORY,2026-03-15 18:22:57
SONACOMS,2026-01-13 09:28:00,459.0,459.0,458.55,458.8,3799,DHAN_HISTORY,2026-03-15 18:22:57
SONACOMS,2026-01-13 09:29:00,458.75,458.8,458.4,458.4,2438,DHAN_HISTORY,2026-03-15 18:22:57
SONACOMS,2026-01-13 09:30:00,458.75,458.8,458.55,458.7,6317,DHAN_HISTORY,2026-03-15 18:22:57
SONACOMS,2026-01-13 09:31:00,458.7,458.8,458.5,458.6,894,DHAN_HISTORY,2026-03-15 18:22:57
SONACOMS,2026-01-13 09:32:00,458.55,458.85,457.0,457.2,16690,DHAN_HISTORY,2026-03-15 18:22:57
SONACOMS,2026-01-13 09:33:00,457.5,457.5,456.4,456.6,2337,DHAN_HISTORY,2026-03-15 18:22:57
SONACOMS,2026-01-13 09:34:00,456.3,456.35,456.3,456.35,638,DHAN_HISTORY,2026-03-15 18:22:57
SONACOMS,2026-01-13 09:35:00,456.35,456.9,456.3,456.85,7055,DHAN_HISTORY,2026-03-15 18:22:57
SONACOMS,2026-01-13 09:36:00,456.9,457.15,456.8,456.95,2153,DHAN_HISTORY,2026-03-15 18:22:57
SONACOMS,2026-01-13 09:37:00,456.9,457.1,455.35,455.75,9976,DHAN_HISTORY,2026-03-15 18:22:57
SONACOMS,2026-01-13 09:38:00,455.4,455.75,455.4,455.5,1563,DHAN_HISTORY,2026-03-15 18:22:57
SONACOMS,2026-01-13 09:39:00,455.45,455.45,455.1,455.25,480,DHAN_HISTORY,2026-03-15 18:22:57
SONACOMS,2026-01-13 09:40:00,455.25,455.25,454.65,454.75,1319,DHAN_HISTORY,2026-03-15 18:22:57
SONACOMS,2026-01-13 09:41:00,454.65,454.7,454.5,454.5,412,DHAN_HISTORY,2026-03-15 18:22:57
SONACOMS,2026-01-13 09:42:00,454.65,455.3,454.1,455.1,4223,DHAN_HISTORY,2026-03-15 18:22:57
SONACOMS,2026-01-13 09:43:00,455.3,455.5,454.85,455.4,1908,DHAN_HISTORY,2026-03-15 18:22:57
SONACOMS,2026-01-13 09:44:00,455.3,455.7,455.15,455.7,1113,DHAN_HISTORY,2026-03-15 18:22:57
SONACOMS,2026-01-13 09:45:00,455.8,456.85,455.8,456.85,2232,DHAN_HISTORY,2026-03-15 18:22:57
SONACOMS,2026-01-13 09:46:00,456.75,457.7,456.75,457.4,4213,DHAN_HISTORY,2026-03-15 18:22:57
SONACOMS,2026-01-13 09:47:00,457.5,457.85,457.5,457.55,457,DHAN_HISTORY,2026-03-15 18:22:57
SONACOMS,2026-01-13 09:48:00,457.55,458.0,457.5,457.7,1566,DHAN_HISTORY,2026-03-15 18:22:57
SONACOMS,2026-01-13 09:49:00,457.85,457.85,456.75,456.9,4022,DHAN_HISTORY,2026-03-15 18:22:57
SONACOMS,2026-01-13 09:50:00,456.9,456.95,456.6,456.95,459,DHAN_HISTORY,2026-03-15 18:22:57
SONACOMS,2026-01-13 09:51:00,456.7,456.9,456.65,456.7,224,DHAN_HISTORY,2026-03-15 18:22:57
SONACOMS,2026-01-13 09:52:00,456.9,456.9,456.6,456.6,427,DHAN_HISTORY,2026-03-15 18:22:57
SONACOMS,2026-01-13 09:53:00,456.55,456.6,456.45,456.6,458,DHAN_HISTORY,2026-03-15 18:22:57
SONACOMS,2026-01-13 09:54:00,456.45,456.65,455.95,455.95,555,DHAN_HISTORY,2026-03-15 18:22:57
SONACOMS,2026-01-13 09:55:00,455.9,456.05,455.7,455.7,1086,DHAN_HISTORY,2026-03-15 18:22:57
SONACOMS,2026-01-13 09:56:00,455.75,455.75,455.0,455.25,2855,DHAN_HISTORY,2026-03-15 18:22:57
SONACOMS,2026-01-13 09:57:00,455.35,455.75,455.35,455.55,742,DHAN_HISTORY,2026-03-15 18:22:57
SONACOMS,2026-01-13 09:58:00,455.55,455.65,455.45,455.45,148,DHAN_HISTORY,2026-03-15 18:22:57
SONACOMS,2026-01-13 09:59:00,455.45,455.55,455.3,455.3,257,DHAN_HISTORY,2026-03-15 18:22:57
SONACOMS,2026-01-13 10:00:00,455.35,455.45,455.05,455.25,1837,DHAN_HISTORY,2026-03-15 18:22:57
SONACOMS,2026-01-13 10:01:00,455.45,456.75,455.45,456.35,3270,DHAN_HISTORY,2026-03-15 18:22:57
SONACOMS,2026-01-13 10:02:00,456.55,458.1,456.55,457.6,4236,DHAN_HISTORY,2026-03-15 18:22:57
SONACOMS,2026-01-13 10:03:00,457.6,457.7,456.65,457.05,1049,DHAN_HISTORY,2026-03-15 18:22:57
SONACOMS,2026-01-13 10:04:00,456.95,458.4,456.95,458.05,920,DHAN_HISTORY,2026-03-15 18:22:57
SONACOMS,2026-01-13 10:05:00,458.05,458.3,457.55,458.2,1810,DHAN_HISTORY,2026-03-15 18:22:57
SONACOMS,2026-01-13 10:06:00,457.95,459.0,457.8,458.85,3768,DHAN_HISTORY,2026-03-15 18:22:57
SONACOMS,2026-01-13 10:07:00,459.05,459.3,458.9,459.1,1368,DHAN_HISTORY,2026-03-15 18:22:57
SONACOMS,2026-01-13 10:08:00,459.05,460.0,459.05,459.75,4004,DHAN_HISTORY,2026-03-15 18:22:57
SONACOMS,2026-01-13 10:09:00,459.95,461.1,459.4,460.6,20731,DHAN_HISTORY,2026-03-15 18:22:57
SONACOMS,2026-01-13 10:10:00,461.25,461.6,460.95,461.55,3899,DHAN_HISTORY,2026-03-15 18:22:57
SONACOMS,2026-01-13 10:11:00,461.4,461.85,460.65,461.1,5074,DHAN_HISTORY,2026-03-15 18:22:57
SONACOMS,2026-01-13 10:12:00,461.05,461.5,461.0,461.15,1288,DHAN_HISTORY,2026-03-15 18:22:57
SONACOMS,2026-01-13 10:13:00,461.1,461.65,460.6,461.0,3727,DHAN_HISTORY,2026-03-15 18:22:57
SONACOMS,2026-01-13 10:14:00,460.9,460.9,460.0,460.0,970,DHAN_HISTORY,2026-03-15 18:22:57
SONACOMS,2026-01-13 10:15:00,460.35,460.55,459.9,460.45,3010,DHAN_HISTORY,2026-03-15 18:22:57
SONACOMS,2026-01-13 10:16:00,460.55,460.7,460.2,460.45,1374,DHAN_HISTORY,2026-03-15 18:22:57
SONACOMS,2026-01-13 10:17:00,460.15,460.4,459.4,459.4,2105,DHAN_HISTORY,2026-03-15 18:22:57
SONACOMS,2026-01-13 10:18:00,459.55,459.6,459.3,459.4,1089,DHAN_HISTORY,2026-03-15 18:22:57
SONACOMS,2026-01-13 10:19:00,459.45,459.95,459.45,459.6,736,DHAN_HISTORY,2026-03-15 18:22:57
SONACOMS,2026-01-13 10:20:00,459.7,459.9,459.65,459.75,482,DHAN_HISTORY,2026-03-15 18:22:57
SONACOMS,2026-01-13 10:21:00,459.75,462.55,459.75,462.4,6832,DHAN_HISTORY,2026-03-15 18:22:57
SONACOMS,2026-01-13 10:22:00,462.3,462.6,461.55,461.55,2487,DHAN_HISTORY,2026-03-15 18:22:57
SONACOMS,2026-01-13 10:23:00,461.55,461.7,461.4,461.6,1281,DHAN_HISTORY,2026-03-15 18:22:57
SONACOMS,2026-01-13 10:24:00,460.9,461.0,460.6,460.7,1978,DHAN_HISTORY,2026-03-15 18:22:57
SONACOMS,2026-01-13 10:25:00,460.7,462.05,460.6,462.05,5523,DHAN_HISTORY,2026-03-15 18:22:57
SONACOMS,2026-01-13 10:26:00,462.3,462.95,462.3,462.65,3047,DHAN_HISTORY,2026-03-15 18:22:57
SONACOMS,2026-01-13 10:27:00,462.9,462.9,462.05,462.35,1307,DHAN_HISTORY,2026-03-15 18:22:57
SONACOMS,2026-01-13 10:28:00,462.05,462.4,461.85,462.2,1657,DHAN_HISTORY,2026-03-15 18:22:57
SONACOMS,2026-01-13 10:29:00,462.35,462.75,462.35,462.5,1668,DHAN_HISTORY,2026-03-15 18:22:57
SONACOMS,2026-01-13 10:30:00,462.4,462.6,461.8,462.1,1851,DHAN_HISTORY,2026-03-15 18:22:57
SONACOMS,2026-01-13 10:31:00,461.85,462.1,461.3,461.35,1947,DHAN_HISTORY,2026-03-15 18:22:57
SONACOMS,2026-01-13 10:32:00,461.5,461.55,461.3,461.35,365,DHAN_HISTORY,2026-03-15 18:22:57
SONACOMS,2026-01-13 10:33:00,461.3,461.45,461.0,461.4,808,DHAN_HISTORY,2026-03-15 18:22:57
SONACOMS,2026-01-13 10:34:00,461.35,461.35,460.5,460.5,913,DHAN_HISTORY,2026-03-15 18:22:57
SONACOMS,2026-01-13 10:35:00,460.85,460.85,459.95,459.95,1304,DHAN_HISTORY,2026-03-15 18:22:57
SONACOMS,2026-01-13 10:36:00,459.95,460.0,459.5,459.8,1889,DHAN_HISTORY,2026-03-15 18:22:57
SONACOMS,2026-01-13 10:37:00,459.8,460.0,459.65,460.0,518,DHAN_HISTORY,2026-03-15 18:22:57
SONACOMS,2026-01-13 10:38:00,460.0,460.4,460.0,460.1,1733,DHAN_HISTORY,2026-03-15 18:22:57
SONACOMS,2026-01-13 10:39:00,459.9,460.0,459.4,460.0,2193,DHAN_HISTORY,2026-03-15 18:22:57
SONACOMS,2026-01-13 10:40:00,459.8,459.8,458.9,458.9,2427,DHAN_HISTORY,2026-03-15 18:22:57
SONACOMS,2026-01-13 10:41:00,459.0,460.0,458.7,460.0,4673,DHAN_HISTORY,2026-03-15 18:22:57
SONACOMS,2026-01-13 10:42:00,459.75,459.75,459.3,459.35,654,DHAN_HISTORY,2026-03-15 18:22:57
SONACOMS,2026-01-13 10:43:00,459.35,459.7,459.35,459.65,390,DHAN_HISTORY,2026-03-15 18:22:57
SONACOMS,2026-01-13 10:44:00,459.5,460.05,459.35,459.8,2098,DHAN_HISTORY,2026-03-15 18:22:57
SONACOMS,2026-01-13 10:45:00,459.7,460.0,459.65,459.8,1993,DHAN_HISTORY,2026-03-15 18:22:57
SONACOMS,2026-01-13 10:46:00,459.65,459.65,459.4,459.4,818,DHAN_HISTORY,2026-03-15 18:22:57
SONACOMS,2026-01-13 10:47:00,459.4,459.65,458.95,459.5,709,DHAN_HISTORY,2026-03-15 18:22:57
SONACOMS,2026-01-13 10:48:00,459.7,459.75,459.15,459.15,796,DHAN_HISTORY,2026-03-15 18:22:57
SONACOMS,2026-01-13 10:49:00,458.8,459.4,458.8,459.1,705,DHAN_HISTORY,2026-03-15 18:22:57
SONACOMS,2026-01-13 10:50:00,459.5,459.6,459.4,459.45,187,DHAN_HISTORY,2026-03-15 18:22:57
SONACOMS,2026-01-13 10:51:00,459.45,459.6,459.0,459.4,3681,DHAN_HISTORY,2026-03-15 18:22:57
SONACOMS,2026-01-13 10:52:00,459.4,459.7,459.2,459.55,457,DHAN_HISTORY,2026-03-15 18:22:57
SONACOMS,2026-01-13 10:53:00,459.55,460.4,459.3,460.1,4649,DHAN_HISTORY,2026-03-15 18:22:57
SONACOMS,2026-01-13 10:54:00,460.1,460.15,459.3,459.35,1512,DHAN_HISTORY,2026-03-15 18:22:57
SONACOMS,2026-01-13 10:55:00,459.35,459.5,459.0,459.0,698,DHAN_HISTORY,2026-03-15 18:22:57
SONACOMS,2026-01-13 10:56:00,459.1,459.1,458.75,459.0,698,DHAN_HISTORY,2026-03-15 18:22:57
SONACOMS,2026-01-13 10:57:00,458.8,459.45,458.8,459.45,577,DHAN_HISTORY,2026-03-15 18:22:57
SONACOMS,2026-01-13 10:58:00,459.35,459.75,459.35,459.6,961,DHAN_HISTORY,2026-03-15 18:22:57
SONACOMS,2026-01-13 10:59:00,459.65,459.8,459.35,459.5,798,DHAN_HISTORY,2026-03-15 18:22:57
SONACOMS,2026-01-13 11:00:00,459.45,459.65,459.4,459.6,251,DHAN_HISTORY,2026-03-15 18:22:57
SONACOMS,2026-01-13 11:01:00,459.6,459.65,459.35,459.35,546,DHAN_HISTORY,2026-03-15 18:22:57
SONACOMS,2026-01-13 11:02:00,459.0,459.2,458.6,458.6,450,DHAN_HISTORY,2026-03-15 18:22:57
SONACOMS,2026-01-13 11:03:00,458.8,458.95,458.6,458.8,358,DHAN_HISTORY,2026-03-15 18:22:57
SONACOMS,2026-01-13 11:04:00,458.8,459.75,458.8,459.75,2596,DHAN_HISTORY,2026-03-15 18:22:57
SONACOMS,2026-01-13 11:05:00,460.0,460.25,459.65,459.65,1242,DHAN_HISTORY,2026-03-15 18:22:57
SONACOMS,2026-01-13 11:06:00,459.6,459.65,459.35,459.6,368,DHAN_HISTORY,2026-03-15 18:22:57
SONACOMS,2026-01-13 11:07:00,459.65,459.9,459.65,459.9,342,DHAN_HISTORY,2026-03-15 18:22:57
SONACOMS,2026-01-13 11:08:00,459.95,460.0,459.55,459.85,964,DHAN_HISTORY,2026-03-15 18:22:57
SONACOMS,2026-01-13 11:09:00,459.9,459.9,458.5,458.9,7657,DHAN_HISTORY,2026-03-15 18:22:57
SONACOMS,2026-01-13 11:10:00,458.9,459.35,458.6,459.35,601,DHAN_HISTORY,2026-03-15 18:22:57
SONACOMS,2026-01-13 11:11:00,459.25,459.6,459.25,459.5,412,DHAN_HISTORY,2026-03-15 18:22:57
SONACOMS,2026-01-13 11:12:00,459.5,459.95,459.4,459.55,436,DHAN_HISTORY,2026-03-15 18:22:57
SONACOMS,2026-01-13 11:13:00,459.55,459.7,459.3,459.55,1061,DHAN_HISTORY,2026-03-15 18:22:57
SONACOMS,2026-01-13 11:14:00,459.6,459.95,459.35,459.75,389,DHAN_HISTORY,2026-03-15 18:22:57
SONACOMS,2026-01-13 11:15:00,459.75,459.95,459.35,459.35,374,DHAN_HISTORY,2026-03-15 18:22:57
SONACOMS,2026-01-13 11:16:00,459.25,460.0,459.25,459.85,1761,DHAN_HISTORY,2026-03-15 18:22:57
SONACOMS,2026-01-13 11:17:00,459.75,460.2,459.35,459.35,1226,DHAN_HISTORY,2026-03-15 18:22:57
SONACOMS,2026-01-13 11:18:00,459.35,459.5,459.2,459.2,675,DHAN_HISTORY,2026-03-15 18:22:57
SONACOMS,2026-01-13 11:19:00,459.2,459.65,459.2,459.45,343,DHAN_HISTORY,2026-03-15 18:22:57
SONACOMS,2026-01-13 11:20:00,459.5,459.65,459.25,459.3,568,DHAN_HISTORY,2026-03-15 18:22:57
SONACOMS,2026-01-13 11:21:00,459.25,459.55,459.25,459.55,475,DHAN_HISTORY,2026-03-15 18:22:57
SONACOMS,2026-01-13 11:22:00,459.25,459.55,459.25,459.25,375,DHAN_HISTORY,2026-03-15 18:22:57
SONACOMS,2026-01-13 11:23:00,459.25,459.9,459.25,459.75,1864,DHAN_HISTORY,2026-03-15 18:22:57
SONACOMS,2026-01-13 11:24:00,459.75,459.9,459.1,459.7,3427,DHAN_HISTORY,2026-03-15 18:22:57
SONACOMS,2026-01-13 11:25:00,459.8,460.0,459.8,459.8,319,DHAN_HISTORY,2026-03-15 18:22:57
SONACOMS,2026-01-13 11:26:00,459.75,460.0,459.75,459.8,610,DHAN_HISTORY,2026-03-15 18:22:57
SONACOMS,2026-01-13 11:27:00,460.0,460.45,459.8,460.15,622,DHAN_HISTORY,2026-03-15 18:22:57
SONACOMS,2026-01-13 11:28:00,460.15,460.85,460.15,460.7,462,DHAN_HISTORY,2026-03-15 18:22:57
SONACOMS,2026-01-13 11:29:00,460.7,460.9,460.5,460.55,1403,DHAN_HISTORY,2026-03-15 18:22:57
SONACOMS,2026-01-13 11:30:00,460.55,461.4,460.55,461.25,3981,DHAN_HISTORY,2026-03-15 18:22:57
SONACOMS,2026-01-13 11:31:00,461.25,461.5,460.9,461.1,1901,DHAN_HISTORY,2026-03-15 18:22:57
SONACOMS,2026-01-13 11:32:00,461.1,461.7,461.05,461.7,2090,DHAN_HISTORY,2026-03-15 18:22:57
SONACOMS,2026-01-13 11:33:00,461.8,462.15,461.7,461.7,850,DHAN_HISTORY,2026-03-15 18:22:57
SONACOMS,2026-01-13 11:34:00,461.7,461.75,461.25,461.7,1516,DHAN_HISTORY,2026-03-15 18:22:57
SONACOMS,2026-01-13 11:35:00,461.6,461.6,461.3,461.45,891,DHAN_HISTORY,2026-03-15 18:22:57
SONACOMS,2026-01-13 11:36:00,461.55,461.55,461.1,461.1,727,DHAN_HISTORY,2026-03-15 18:22:57
SONACOMS,2026-01-13 11:37:00,461.3,461.3,460.85,460.85,535,DHAN_HISTORY,2026-03-15 18:22:57
SONACOMS,2026-01-13 11:38:00,461.05,461.1,460.7,460.8,1197,DHAN_HISTORY,2026-03-15 18:22:57
SONACOMS,2026-01-13 11:39:00,461.05,461.05,460.65,460.65,944,DHAN_HISTORY,2026-03-15 18:22:57
SONACOMS,2026-01-13 11:40:00,460.65,460.75,460.6,460.7,420,DHAN_HISTORY,2026-03-15 18:22:57
SONACOMS,2026-01-13 11:41:00,460.6,460.8,460.6,460.6,346,DHAN_HISTORY,2026-03-15 18:22:57
SONACOMS,2026-01-13 11:42:00,460.6,460.75,460.0,460.2,849,DHAN_HISTORY,2026-03-15 18:22:57
SONACOMS,2026-01-13 11:43:00,460.0,460.25,460.0,460.1,376,DHAN_HISTORY,2026-03-15 18:22:57
SONACOMS,2026-01-13 11:44:00,460.3,460.55,460.3,460.35,308,DHAN_HISTORY,2026-03-15 18:22:57
SONACOMS,2026-01-13 11:45:00,460.35,460.35,459.5,459.5,1355,DHAN_HISTORY,2026-03-15 18:22:57
SONACOMS,2026-01-13 11:46:00,459.4,459.8,459.4,459.45,659,DHAN_HISTORY,2026-03-15 18:22:57
SONACOMS,2026-01-13 11:47:00,459.45,459.95,459.45,459.7,456,DHAN_HISTORY,2026-03-15 18:22:57
SONACOMS,2026-01-13 11:48:00,459.7,460.0,459.7,459.75,357,DHAN_HISTORY,2026-03-15 18:22:57
SONACOMS,2026-01-13 11:49:00,459.75,460.1,459.75,459.95,339,DHAN_HISTORY,2026-03-15 18:22:57
SONACOMS,2026-01-13 11:50:00,459.95,460.05,459.85,459.9,333,DHAN_HISTORY,2026-03-15 18:22:57
SONACOMS,2026-01-13 11:51:00,459.9,461.1,459.75,461.1,2639,DHAN_HISTORY,2026-03-15 18:22:57
SONACOMS,2026-01-13 11:52:00,461.15,461.2,460.3,460.3,4254,DHAN_HISTORY,2026-03-15 18:22:57
SONACOMS,2026-01-13 11:53:00,460.5,460.65,459.9,459.9,2839,DHAN_HISTORY,2026-03-15 18:22:57
SONACOMS,2026-01-13 11:54:00,459.9,460.45,459.45,460.2,12189,DHAN_HISTORY,2026-03-15 18:22:57
SONACOMS,2026-01-13 11:55:00,460.15,460.2,460.1,460.15,675,DHAN_HISTORY,2026-03-15 18:22:57
SONACOMS,2026-01-13 11:56:00,460.1,460.5,460.1,460.4,804,DHAN_HISTORY,2026-03-15 18:22:57
SONACOMS,2026-01-13 11:57:00,460.4,460.5,460.4,460.4,254,DHAN_HISTORY,2026-03-15 18:22:57
SONACOMS,2026-01-13 11:58:00,460.35,460.7,460.35,460.6,457,DHAN_HISTORY,2026-03-15 18:22:57
SONACOMS,2026-01-13 11:59:00,460.5,460.55,460.0,460.15,3535,DHAN_HISTORY,2026-03-15 18:22:57
SONACOMS,2026-01-13 12:00:00,460.1,460.1,459.4,459.5,514,DHAN_HISTORY,2026-03-15 18:22:57
SONACOMS,2026-01-13 12:01:00,459.45,459.65,459.45,459.65,608,DHAN_HISTORY,2026-03-15 18:22:57
SONACOMS,2026-01-13 12:02:00,459.65,460.0,459.65,459.7,515,DHAN_HISTORY,2026-03-15 18:22:57
SONACOMS,2026-01-13 12:03:00,459.85,459.85,458.5,458.75,9758,DHAN_HISTORY,2026-03-15 18:22:57
SONACOMS,2026-01-13 12:04:00,458.8,458.8,458.55,458.6,978,DHAN_HISTORY,2026-03-15 18:22:57
SONACOMS,2026-01-13 12:05:00,458.6,458.6,457.8,457.85,8765,DHAN_HISTORY,2026-03-15 18:22:57
SONACOMS,2026-01-13 12:06:00,457.8,458.0,457.65,457.95,641,DHAN_HISTORY,2026-03-15 18:22:57
SONACOMS,2026-01-13 12:07:00,457.9,458.0,457.75,457.8,582,DHAN_HISTORY,2026-03-15 18:22:57
SONACOMS,2026-01-13 12:08:00,458.0,458.1,456.8,456.9,38592,DHAN_HISTORY,2026-03-15 18:22:57
SONACOMS,2026-01-13 12:09:00,456.8,457.0,456.65,456.85,2468,DHAN_HISTORY,2026-03-15 18:22:57
SONACOMS,2026-01-13 12:10:00,456.95,457.0,456.45,456.9,3177,DHAN_HISTORY,2026-03-15 18:22:57
SONACOMS,2026-01-13 12:11:00,456.9,457.0,456.8,457.0,344,DHAN_HISTORY,2026-03-15 18:22:57
SONACOMS,2026-01-13 12:12:00,457.0,457.0,456.85,456.95,757,DHAN_HISTORY,2026-03-15 18:22:57
SONACOMS,2026-01-13 12:13:00,457.0,457.2,456.9,457.2,331,DHAN_HISTORY,2026-03-15 18:22:57
SONACOMS,2026-01-13 12:14:00,457.2,457.2,456.95,456.95,919,DHAN_HISTORY,2026-03-15 18:22:57
SONACOMS,2026-01-13 12:15:00,456.95,457.2,456.7,457.1,921,DHAN_HISTORY,2026-03-15 18:22:57
SONACOMS,2026-01-13 12:16:00,457.1,457.3,456.8,457.3,672,DHAN_HISTORY,2026-03-15 18:22:57
SONACOMS,2026-01-13 12:17:00,457.3,457.45,457.2,457.25,830,DHAN_HISTORY,2026-03-15 18:22:57
SONACOMS,2026-01-13 12:18:00,457.2,457.45,457.2,457.25,340,DHAN_HISTORY,2026-03-15 18:22:57
SONACOMS,2026-01-13 12:19:00,457.35,457.6,457.25,457.35,325,DHAN_HISTORY,2026-03-15 18:22:57
SONACOMS,2026-01-13 12:20:00,457.35,457.6,457.35,457.45,661,DHAN_HISTORY,2026-03-15 18:22:57
SONACOMS,2026-01-13 12:21:00,457.45,457.6,457.4,457.5,781,DHAN_HISTORY,2026-03-15 18:22:57
SONACOMS,2026-01-13 12:22:00,457.4,457.5,457.0,457.2,1215,DHAN_HISTORY,2026-03-15 18:22:57
SONACOMS,2026-01-13 12:23:00,457.15,457.3,456.9,456.95,1845,DHAN_HISTORY,2026-03-15 18:22:57
SONACOMS,2026-01-13 12:24:00,456.95,456.95,456.6,456.7,269,DHAN_HISTORY,2026-03-15 18:22:57
SONACOMS,2026-01-13 12:25:00,456.75,456.95,456.65,456.95,469,DHAN_HISTORY,2026-03-15 18:22:57
SONACOMS,2026-01-13 12:26:00,456.95,457.4,456.95,457.3,382,DHAN_HISTORY,2026-03-15 18:22:57
SONACOMS,2026-01-13 12:27:00,457.25,457.55,457.1,457.5,239,DHAN_HISTORY,2026-03-15 18:22:57
SONACOMS,2026-01-13 12:28:00,457.55,457.6,457.3,457.6,716,DHAN_HISTORY,2026-03-15 18:22:57
SONACOMS,2026-01-13 12:29:00,457.6,457.7,457.45,457.65,475,DHAN_HISTORY,2026-03-15 18:22:57
SONACOMS,2026-01-13 12:30:00,457.6,457.6,457.35,457.4,506,DHAN_HISTORY,2026-03-15 18:22:57
SONACOMS,2026-01-13 12:31:00,457.55,458.4,457.4,458.4,1684,DHAN_HISTORY,2026-03-15 18:22:57
SONACOMS,2026-01-13 12:32:00,458.45,458.5,458.2,458.4,399,DHAN_HISTORY,2026-03-15 18:22:57
SONACOMS,2026-01-13 12:33:00,458.4,458.55,458.15,458.45,2077,DHAN_HISTORY,2026-03-15 18:22:57
SONACOMS,2026-01-13 12:34:00,458.4,458.55,458.1,458.1,2555,DHAN_HISTORY,2026-03-15 18:22:57
SONACOMS,2026-01-13 12:35:00,458.45,458.55,458.25,458.4,390,DHAN_HISTORY,2026-03-15 18:22:57
SONACOMS,2026-01-13 12:36:00,458.45,458.9,458.45,458.85,335,DHAN_HISTORY,2026-03-15 18:22:57
SONACOMS,2026-01-13 12:37:00,458.8,459.8,457.8,457.8,153975,DHAN_HISTORY,2026-03-15 18:22:57
SONACOMS,2026-01-13 12:38:00,457.65,457.75,457.15,457.75,3471,DHAN_HISTORY,2026-03-15 18:22:57
SONACOMS,2026-01-13 12:39:00,457.4,457.7,457.0,457.0,762,DHAN_HISTORY,2026-03-15 18:22:57
SONACOMS,2026-01-13 12:40:00,456.7,456.7,456.35,456.5,869,DHAN_HISTORY,2026-03-15 18:22:57
SONACOMS,2026-01-13 12:41:00,456.35,456.5,456.35,456.35,618,DHAN_HISTORY,2026-03-15 18:22:57
SONACOMS,2026-01-13 12:42:00,456.3,456.5,456.2,456.2,449,DHAN_HISTORY,2026-03-15 18:22:57
SONACOMS,2026-01-13 12:43:00,456.2,456.5,456.2,456.25,707,DHAN_HISTORY,2026-03-15 18:22:57
SONACOMS,2026-01-13 12:44:00,456.35,456.5,456.3,456.3,328,DHAN_HISTORY,2026-03-15 18:22:57
SONACOMS,2026-01-13 12:45:00,456.3,456.5,456.3,456.3,303,DHAN_HISTORY,2026-03-15 18:22:57
SONACOMS,2026-01-13 12:46:00,456.3,456.3,456.0,456.0,664,DHAN_HISTORY,2026-03-15 18:22:57
SONACOMS,2026-01-13 12:47:00,456.1,456.1,455.7,455.85,1123,DHAN_HISTORY,2026-03-15 18:22:57
SONACOMS,2026-01-13 12:48:00,455.7,455.85,455.3,455.3,743,DHAN_HISTORY,2026-03-15 18:22:57
SONACOMS,2026-01-13 12:49:00,455.4,455.45,455.1,455.4,1329,DHAN_HISTORY,2026-03-15 18:22:57
SONACOMS,2026-01-13 12:50:00,455.45,457.9,455.3,457.75,16745,DHAN_HISTORY,2026-03-15 18:22:57
SONACOMS,2026-01-13 12:51:00,457.4,457.6,457.25,457.6,871,DHAN_HISTORY,2026-03-15 18:22:57
SONACOMS,2026-01-13 12:52:00,457.6,458.0,457.6,457.9,1635,DHAN_HISTORY,2026-03-15 18:22:57
SONACOMS,2026-01-13 12:53:00,457.9,457.95,457.6,457.6,1999,DHAN_HISTORY,2026-03-15 18:22:57
SONACOMS,2026-01-13 12:54:00,457.75,457.85,457.45,457.6,676,DHAN_HISTORY,2026-03-15 18:22:57
SONACOMS,2026-01-13 12:55:00,457.6,457.6,457.45,457.6,469,DHAN_HISTORY,2026-03-15 18:22:57
SONACOMS,2026-01-13 12:56:00,457.55,457.55,457.3,457.4,983,DHAN_HISTORY,2026-03-15 18:22:57
SONACOMS,2026-01-13 12:57:00,457.35,457.45,457.1,457.4,504,DHAN_HISTORY,2026-03-15 18:22:57
SONACOMS,2026-01-13 12:58:00,457.45,457.45,457.15,457.45,524,DHAN_HISTORY,2026-03-15 18:22:57
SONACOMS,2026-01-13 12:59:00,457.45,457.5,457.15,457.45,376,DHAN_HISTORY,2026-03-15 18:22:57
SONACOMS,2026-01-13 13:00:00,457.5,457.5,455.95,456.4,3188,DHAN_HISTORY,2026-03-15 18:22:57
SONACOMS,2026-01-13 13:01:00,456.4,456.4,456.05,456.2,186,DHAN_HISTORY,2026-03-15 18:22:57
SONACOMS,2026-01-13 13:02:00,456.2,456.2,455.75,456.05,628,DHAN_HISTORY,2026-03-15 18:22:57
SONACOMS,2026-01-13 13:03:00,456.05,456.05,455.8,456.0,618,DHAN_HISTORY,2026-03-15 18:22:57
SONACOMS,2026-01-13 13:04:00,456.0,456.3,456.0,456.25,1538,DHAN_HISTORY,2026-03-15 18:22:57
SONACOMS,2026-01-13 13:05:00,456.3,456.6,456.3,456.4,349,DHAN_HISTORY,2026-03-15 18:22:57
SONACOMS,2026-01-13 13:06:00,456.45,456.5,455.95,456.15,730,DHAN_HISTORY,2026-03-15 18:22:57
SONACOMS,2026-01-13 13:07:00,456.15,456.25,456.0,456.15,317,DHAN_HISTORY,2026-03-15 18:22:57
SONACOMS,2026-01-13 13:08:00,456.1,456.25,455.85,456.2,1455,DHAN_HISTORY,2026-03-15 18:22:57
SONACOMS,2026-01-13 13:09:00,456.0,456.3,456.0,456.3,296,DHAN_HISTORY,2026-03-15 18:22:57
SONACOMS,2026-01-13 13:10:00,456.3,456.35,456.15,456.2,363,DHAN_HISTORY,2026-03-15 18:22:57
SONACOMS,2026-01-13 13:11:00,456.2,456.55,456.2,456.45,350,DHAN_HISTORY,2026-03-15 18:22:57
SONACOMS,2026-01-13 13:12:00,456.3,456.7,456.3,456.6,579,DHAN_HISTORY,2026-03-15 18:22:57
SONACOMS,2026-01-13 13:13:00,456.6,456.85,456.6,456.75,546,DHAN_HISTORY,2026-03-15 18:22:57
SONACOMS,2026-01-13 13:14:00,456.7,456.85,456.6,456.85,630,DHAN_HISTORY,2026-03-15 18:22:57
SONACOMS,2026-01-13 13:15:00,456.9,456.95,456.5,456.55,979,DHAN_HISTORY,2026-03-15 18:22:57
SONACOMS,2026-01-13 13:16:00,456.5,456.75,456.1,456.25,361,DHAN_HISTORY,2026-03-15 18:22:57
SONACOMS,2026-01-13 13:17:00,456.35,456.5,456.25,456.5,363,DHAN_HISTORY,2026-03-15 18:22:57
SONACOMS,2026-01-13 13:18:00,456.45,456.9,456.35,456.9,400,DHAN_HISTORY,2026-03-15 18:22:57
SONACOMS,2026-01-13 13:19:00,456.9,456.9,456.45,456.7,185,DHAN_HISTORY,2026-03-15 18:22:57
SONACOMS,2026-01-13 13:20:00,456.75,456.85,456.6,456.85,974,DHAN_HISTORY,2026-03-15 18:22:57
SONACOMS,2026-01-13 13:21:00,456.9,456.9,456.4,456.8,5184,DHAN_HISTORY,2026-03-15 18:22:57
SONACOMS,2026-01-13 13:22:00,456.8,456.85,456.55,456.7,639,DHAN_HISTORY,2026-03-15 18:22:57
SONACOMS,2026-01-13 13:23:00,456.75,457.0,456.65,457.0,600,DHAN_HISTORY,2026-03-15 18:22:57
SONACOMS,2026-01-13 13:24:00,457.0,457.0,456.75,456.95,404,DHAN_HISTORY,2026-03-15 18:22:57
SONACOMS,2026-01-13 13:25:00,456.9,456.9,456.6,456.85,3782,DHAN_HISTORY,2026-03-15 18:22:57
SONACOMS,2026-01-13 13:26:00,456.75,456.9,456.55,456.65,316,DHAN_HISTORY,2026-03-15 18:22:57
SONACOMS,2026-01-13 13:27:00,456.65,456.8,456.4,456.5,902,DHAN_HISTORY,2026-03-15 18:22:57
SONACOMS,2026-01-13 13:28:00,456.45,456.55,456.35,456.45,347,DHAN_HISTORY,2026-03-15 18:22:57
SONACOMS,2026-01-13 13:29:00,456.35,456.35,456.15,456.3,358,DHAN_HISTORY,2026-03-15 18:22:57
SONACOMS,2026-01-13 13:30:00,456.15,456.6,456.15,456.55,322,DHAN_HISTORY,2026-03-15 18:22:57
SONACOMS,2026-01-13 13:31:00,456.55,456.65,456.55,456.6,318,DHAN_HISTORY,2026-03-15 18:22:57
SONACOMS,2026-01-13 13:32:00,456.65,456.65,456.0,456.15,626,DHAN_HISTORY,2026-03-15 18:22:57
SONACOMS,2026-01-13 13:33:00,456.15,456.45,456.1,456.15,396,DHAN_HISTORY,2026-03-15 18:22:57
SONACOMS,2026-01-13 13:34:00,456.25,456.6,456.25,456.55,334,DHAN_HISTORY,2026-03-15 18:22:57
SONACOMS,2026-01-13 13:35:00,456.55,457.2,456.4,457.15,3518,DHAN_HISTORY,2026-03-15 18:22:57
SONACOMS,2026-01-13 13:36:00,457.05,457.2,456.85,456.85,598,DHAN_HISTORY,2026-03-15 18:22:57
SONACOMS,2026-01-13 13:37:00,456.75,457.1,456.75,457.1,524,DHAN_HISTORY,2026-03-15 18:22:57
SONACOMS,2026-01-13 13:38:00,457.7,458.15,457.7,457.9,4339,DHAN_HISTORY,2026-03-15 18:22:57
SONACOMS,2026-01-13 13:39:00,457.8,457.95,457.55,457.8,503,DHAN_HISTORY,2026-03-15 18:22:57
SONACOMS,2026-01-13 13:40:00,457.8,459.7,457.8,459.7,13109,DHAN_HISTORY,2026-03-15 18:22:57
SONACOMS,2026-01-13 13:41:00,459.75,460.0,459.65,459.95,1541,DHAN_HISTORY,2026-03-15 18:22:57
SONACOMS,2026-01-13 13:42:00,459.95,459.95,459.35,459.5,4971,DHAN_HISTORY,2026-03-15 18:22:57
SONACOMS,2026-01-13 13:43:00,459.5,459.8,459.5,459.65,1252,DHAN_HISTORY,2026-03-15 18:22:57
SONACOMS,2026-01-13 13:44:00,459.65,459.95,459.65,459.9,1516,DHAN_HISTORY,2026-03-15 18:22:57
SONACOMS,2026-01-13 13:45:00,459.75,460.0,459.45,459.75,3429,DHAN_HISTORY,2026-03-15 18:22:57
SONACOMS,2026-01-13 13:46:00,459.7,459.7,459.3,459.3,1063,DHAN_HISTORY,2026-03-15 18:22:57
SONACOMS,2026-01-13 13:47:00,459.25,459.25,458.9,459.0,1132,DHAN_HISTORY,2026-03-15 18:22:57
SONACOMS,2026-01-13 13:48:00,459.15,459.2,458.8,458.95,1061,DHAN_HISTORY,2026-03-15 18:22:57
SONACOMS,2026-01-13 13:49:00,458.7,459.2,458.7,459.05,1277,DHAN_HISTORY,2026-03-15 18:22:57
SONACOMS,2026-01-13 13:50:00,459.05,459.05,458.6,458.85,998,DHAN_HISTORY,2026-03-15 18:22:57
SONACOMS,2026-01-13 13:51:00,458.85,459.0,458.65,459.0,1089,DHAN_HISTORY,2026-03-15 18:22:57
SONACOMS,2026-01-13 13:52:00,458.9,458.95,458.7,458.9,961,DHAN_HISTORY,2026-03-15 18:22:57
SONACOMS,2026-01-13 13:53:00,458.75,458.85,458.45,458.65,1077,DHAN_HISTORY,2026-03-15 18:22:57
SONACOMS,2026-01-13 13:54:00,458.6,458.6,458.05,458.05,1095,DHAN_HISTORY,2026-03-15 18:22:57
SONACOMS,2026-01-13 13:55:00,458.3,458.35,458.0,458.3,861,DHAN_HISTORY,2026-03-15 18:22:57
SONACOMS,2026-01-13 13:56:00,458.35,458.5,458.3,458.35,772,DHAN_HISTORY,2026-03-15 18:22:57
SONACOMS,2026-01-13 13:57:00,458.4,458.4,457.7,457.7,818,DHAN_HISTORY,2026-03-15 18:22:57
SONACOMS,2026-01-13 13:58:00,457.65,458.05,457.65,457.8,510,DHAN_HISTORY,2026-03-15 18:22:57
SONACOMS,2026-01-13 13:59:00,458.0,458.05,457.75,458.0,349,DHAN_HISTORY,2026-03-15 18:22:57
SONACOMS,2026-01-13 14:00:00,457.95,458.0,457.9,457.95,302,DHAN_HISTORY,2026-03-15 18:22:57
SONACOMS,2026-01-13 14:01:00,457.9,458.05,457.75,457.75,996,DHAN_HISTORY,2026-03-15 18:22:57
SONACOMS,2026-01-13 14:02:00,457.5,457.6,457.35,457.5,660,DHAN_HISTORY,2026-03-15 18:22:57
SONACOMS,2026-01-13 14:03:00,457.35,457.75,457.3,457.55,694,DHAN_HISTORY,2026-03-15 18:22:57
SONACOMS,2026-01-13 14:04:00,457.4,457.6,457.3,457.4,543,DHAN_HISTORY,2026-03-15 18:22:57
SONACOMS,2026-01-13 14:05:00,457.2,457.7,457.2,457.4,568,DHAN_HISTORY,2026-03-15 18:22:57
SONACOMS,2026-01-13 14:06:00,457.3,457.4,457.05,457.2,430,DHAN_HISTORY,2026-03-15 18:22:57
SONACOMS,2026-01-13 14:07:00,457.2,457.55,457.05,457.2,333,DHAN_HISTORY,2026-03-15 18:22:57
SONACOMS,2026-01-13 14:08:00,457.3,457.5,457.2,457.35,489,DHAN_HISTORY,2026-03-15 18:22:57
SONACOMS,2026-01-13 14:09:00,457.35,457.5,457.25,457.35,307,DHAN_HISTORY,2026-03-15 18:22:57
SONACOMS,2026-01-13 14:10:00,457.2,457.35,457.1,457.1,445,DHAN_HISTORY,2026-03-15 18:22:57
SONACOMS,2026-01-13 14:11:00,457.05,457.1,456.65,456.65,1114,DHAN_HISTORY,2026-03-15 18:22:57
SONACOMS,2026-01-13 14:12:00,456.6,456.6,456.0,456.4,1991,DHAN_HISTORY,2026-03-15 18:22:57
SONACOMS,2026-01-13 14:13:00,456.4,456.5,456.3,456.5,656,DHAN_HISTORY,2026-03-15 18:22:57
SONACOMS,2026-01-13 14:14:00,456.4,457.0,456.3,456.8,537,DHAN_HISTORY,2026-03-15 18:22:57
SONACOMS,2026-01-13 14:15:00,456.7,456.85,456.3,456.5,867,DHAN_HISTORY,2026-03-15 18:22:57
SONACOMS,2026-01-13 14:16:00,456.5,456.6,456.25,456.25,3163,DHAN_HISTORY,2026-03-15 18:22:57
SONACOMS,2026-01-13 14:17:00,456.25,456.6,456.25,456.5,290,DHAN_HISTORY,2026-03-15 18:22:57
SONACOMS,2026-01-13 14:18:00,456.45,456.65,456.4,456.4,1280,DHAN_HISTORY,2026-03-15 18:22:57
SONACOMS,2026-01-13 14:19:00,456.4,457.0,456.4,456.65,602,DHAN_HISTORY,2026-03-15 18:22:57
SONACOMS,2026-01-13 14:20:00,456.65,456.65,456.0,456.3,520,DHAN_HISTORY,2026-03-15 18:22:57
SONACOMS,2026-01-13 14:21:00,456.3,456.3,456.0,456.1,665,DHAN_HISTORY,2026-03-15 18:22:57
SONACOMS,2026-01-13 14:22:00,456.15,456.25,455.4,455.4,2754,DHAN_HISTORY,2026-03-15 18:22:57
SONACOMS,2026-01-13 14:23:00,455.4,455.7,455.4,455.7,902,DHAN_HISTORY,2026-03-15 18:22:57
SONACOMS,2026-01-13 14:24:00,455.6,455.75,455.4,455.4,456,DHAN_HISTORY,2026-03-15 18:22:57
SONACOMS,2026-01-13 14:25:00,455.45,455.8,455.1,455.65,3001,DHAN_HISTORY,2026-03-15 18:22:57
SONACOMS,2026-01-13 14:26:00,455.5,455.8,455.5,455.65,662,DHAN_HISTORY,2026-03-15 18:22:57
SONACOMS,2026-01-13 14:27:00,455.45,455.75,455.45,455.5,643,DHAN_HISTORY,2026-03-15 18:22:57
SONACOMS,2026-01-13 14:28:00,455.5,455.5,455.0,455.2,1561,DHAN_HISTORY,2026-03-15 18:22:57
SONACOMS,2026-01-13 14:29:00,455.3,455.4,454.95,455.05,2151,DHAN_HISTORY,2026-03-15 18:22:57
SONACOMS,2026-01-13 14:30:00,455.0,455.75,455.0,455.75,1107,DHAN_HISTORY,2026-03-15 18:22:57
SONACOMS,2026-01-13 14:31:00,456.1,457.65,456.1,457.4,1660,DHAN_HISTORY,2026-03-15 18:22:57
SONACOMS,2026-01-13 14:32:00,457.6,457.6,457.05,457.05,834,DHAN_HISTORY,2026-03-15 18:22:57
SONACOMS,2026-01-13 14:33:00,456.9,457.3,456.9,457.0,1674,DHAN_HISTORY,2026-03-15 18:22:57
SONACOMS,2026-01-13 14:34:00,456.95,457.2,456.75,457.15,1178,DHAN_HISTORY,2026-03-15 18:22:57
SONACOMS,2026-01-13 14:35:00,457.1,457.25,456.75,456.85,2193,DHAN_HISTORY,2026-03-15 18:22:57
SONACOMS,2026-01-13 14:36:00,456.8,457.1,456.75,456.95,502,DHAN_HISTORY,2026-03-15 18:22:57
SONACOMS,2026-01-13 14:37:00,456.95,457.3,456.9,457.3,607,DHAN_HISTORY,2026-03-15 18:22:57
SONACOMS,2026-01-13 14:38:00,457.05,457.3,456.75,456.85,5629,DHAN_HISTORY,2026-03-15 18:22:57
SONACOMS,2026-01-13 14:39:00,456.8,457.0,456.5,456.5,1132,DHAN_HISTORY,2026-03-15 18:22:57
SONACOMS,2026-01-13 14:40:00,456.85,457.2,456.7,457.15,6922,DHAN_HISTORY,2026-03-15 18:22:57
SONACOMS,2026-01-13 14:41:00,457.65,457.9,457.65,457.85,4438,DHAN_HISTORY,2026-03-15 18:22:57
SONACOMS,2026-01-13 14:42:00,457.75,457.85,456.95,457.05,7511,DHAN_HISTORY,2026-03-15 18:22:57
SONACOMS,2026-01-13 14:43:00,457.05,457.15,456.95,457.05,1545,DHAN_HISTORY,2026-03-15 18:22:57
SONACOMS,2026-01-13 14:44:00,456.95,457.05,456.75,456.75,1768,DHAN_HISTORY,2026-03-15 18:22:57
SONACOMS,2026-01-13 14:45:00,456.75,457.45,456.75,457.35,16661,DHAN_HISTORY,2026-03-15 18:22:57
SONACOMS,2026-01-13 14:46:00,458.15,458.15,457.4,458.15,9304,DHAN_HISTORY,2026-03-15 18:22:57
SONACOMS,2026-01-13 14:47:00,458.35,458.35,457.35,457.35,9705,DHAN_HISTORY,2026-03-15 18:22:57
SONACOMS,2026-01-13 14:48:00,457.45,457.45,456.8,457.1,3213,DHAN_HISTORY,2026-03-15 18:22:57
SONACOMS,2026-01-13 14:49:00,456.9,457.05,456.75,456.75,1600,DHAN_HISTORY,2026-03-15 18:22:57
SONACOMS,2026-01-13 14:50:00,457.0,457.1,456.85,456.95,996,DHAN_HISTORY,2026-03-15 18:22:57
SONACOMS,2026-01-13 14:51:00,456.95,457.1,456.95,456.95,317,DHAN_HISTORY,2026-03-15 18:22:57
SONACOMS,2026-01-13 14:52:00,456.95,457.25,456.95,456.95,1316,DHAN_HISTORY,2026-03-15 18:22:57
SONACOMS,2026-01-13 14:53:00,457.4,457.6,456.95,456.95,23015,DHAN_HISTORY,2026-03-15 18:22:57
SONACOMS,2026-01-13 14:54:00,456.9,457.45,456.9,456.95,1708,DHAN_HISTORY,2026-03-15 18:22:57
SONACOMS,2026-01-13 14:55:00,457.25,457.4,456.9,456.9,7845,DHAN_HISTORY,2026-03-15 18:22:57
SONACOMS,2026-01-13 14:56:00,456.9,457.35,456.9,456.95,2665,DHAN_HISTORY,2026-03-15 18:22:57
SONACOMS,2026-01-13 14:57:00,457.0,457.4,456.9,456.9,4094,DHAN_HISTORY,2026-03-15 18:22:57
SONACOMS,2026-01-13 14:58:00,456.85,456.85,455.65,456.1,6836,DHAN_HISTORY,2026-03-15 18:22:57
SONACOMS,2026-01-13 14:59:00,456.1,456.75,456.1,456.6,2149,DHAN_HISTORY,2026-03-15 18:22:57
SONACOMS,2026-01-13 15:00:00,456.95,457.15,456.85,457.05,6274,DHAN_HISTORY,2026-03-15 18:22:57
SONACOMS,2026-01-13 15:01:00,457.05,457.05,456.85,456.9,453,DHAN_HISTORY,2026-03-15 18:22:57
SONACOMS,2026-01-13 15:02:00,456.9,457.05,456.55,456.55,2214,DHAN_HISTORY,2026-03-15 18:22:57
SONACOMS,2026-01-13 15:03:00,456.5,456.6,456.05,456.45,731,DHAN_HISTORY,2026-03-15 18:22:57
SONACOMS,2026-01-13 15:04:00,456.15,456.5,456.15,456.5,543,DHAN_HISTORY,2026-03-15 18:22:57
SONACOMS,2026-01-13 15:05:00,456.5,456.5,456.25,456.4,367,DHAN_HISTORY,2026-03-15 18:22:57
SONACOMS,2026-01-13 15:06:00,456.4,456.5,456.25,456.5,2458,DHAN_HISTORY,2026-03-15 18:22:57
SONACOMS,2026-01-13 15:07:00,456.5,456.5,456.4,456.4,1824,DHAN_HISTORY,2026-03-15 18:22:57
SONACOMS,2026-01-13 15:08:00,456.4,456.55,456.4,456.55,1827,DHAN_HISTORY,2026-03-15 18:22:57
SONACOMS,2026-01-13 15:09:00,456.5,457.2,456.5,457.1,4274,DHAN_HISTORY,2026-03-15 18:22:57
SONACOMS,2026-01-13 15:10:00,457.15,457.15,456.65,457.05,1924,DHAN_HISTORY,2026-03-15 18:22:57
SONACOMS,2026-01-13 15:11:00,457.05,457.05,456.85,457.05,643,DHAN_HISTORY,2026-03-15 18:22:57
SONACOMS,2026-01-13 15:12:00,456.85,457.1,456.8,457.05,3001,DHAN_HISTORY,2026-03-15 18:22:57
SONACOMS,2026-01-13 15:13:00,457.0,457.05,456.9,457.05,991,DHAN_HISTORY,2026-03-15 18:22:57
SONACOMS,2026-01-13 15:14:00,457.05,457.15,456.5,456.75,3738,DHAN_HISTORY,2026-03-15 18:22:57
SONACOMS,2026-01-13 15:15:00,456.75,457.1,456.5,457.1,8607,DHAN_HISTORY,2026-03-15 18:22:57
SONACOMS,2026-01-13 15:16:00,456.85,457.85,456.55,457.85,27606,DHAN_HISTORY,2026-03-15 18:22:57
SONACOMS,2026-01-13 15:17:00,457.4,458.2,456.9,457.65,32686,DHAN_HISTORY,2026-03-15 18:22:57
SONACOMS,2026-01-13 15:18:00,457.65,457.7,456.95,457.05,22466,DHAN_HISTORY,2026-03-15 18:22:57
SONACOMS,2026-01-13 15:19:00,457.05,457.9,457.0,457.3,16003,DHAN_HISTORY,2026-03-15 18:22:57
SONACOMS,2026-01-13 15:20:00,457.6,458.1,457.4,457.95,17242,DHAN_HISTORY,2026-03-15 18:22:57
SONACOMS,2026-01-13 15:21:00,457.95,458.0,457.35,457.7,17732,DHAN_HISTORY,2026-03-15 18:22:57
SONACOMS,2026-01-13 15:22:00,457.7,457.7,457.0,457.0,15344,DHAN_HISTORY,2026-03-15 18:22:57
SONACOMS,2026-01-13 15:23:00,457.3,457.5,456.95,457.05,16095,DHAN_HISTORY,2026-03-15 18:22:57
SONACOMS,2026-01-13 15:24:00,457.4,458.55,457.0,457.8,22934,DHAN_HISTORY,2026-03-15 18:22:57
SONACOMS,2026-01-13 15:25:00,458.2,458.2,456.85,457.35,19509,DHAN_HISTORY,2026-03-15 18:22:57
SONACOMS,2026-01-13 15:26:00,457.35,457.85,456.55,456.95,16737,DHAN_HISTORY,2026-03-15 18:22:57
SONACOMS,2026-01-13 15:27:00,456.9,456.9,455.0,455.15,18957,DHAN_HISTORY,2026-03-15 18:22:57
SONACOMS,2026-01-13 15:28:00,455.05,456.55,454.95,455.0,22987,DHAN_HISTORY,2026-03-15 18:22:57
SONACOMS,2026-01-13 15:29:00,456.35,456.95,455.0,456.95,3628,DHAN_HISTORY,2026-03-15 18:22:57
