symbol,timestamp,open,high,low,close,volume,source,last_updated
IFCI,2025-12-31 09:15:00,50.84,51.89,50.8,51.52,160908,DHAN_HISTORY,2026-03-15 16:44:02
IFCI,2025-12-31 09:16:00,51.52,51.8,51.36,51.8,172008,DHAN_HISTORY,2026-03-15 16:44:02
IFCI,2025-12-31 09:17:00,51.76,52.3,51.76,52.26,253719,DHAN_HISTORY,2026-03-15 16:44:02
IFCI,2025-12-31 09:18:00,52.22,52.79,52.21,52.63,572162,DHAN_HISTORY,2026-03-15 16:44:02
IFCI,2025-12-31 09:19:00,52.72,53.37,52.46,53.0,917412,DHAN_HISTORY,2026-03-15 16:44:02
IFCI,2025-12-31 09:20:00,53.05,53.4,53.05,53.25,707341,DHAN_HISTORY,2026-03-15 16:44:02
IFCI,2025-12-31 09:21:00,53.27,53.49,52.91,53.39,554659,DHAN_HISTORY,2026-03-15 16:44:02
IFCI,2025-12-31 09:22:00,53.45,53.8,53.31,53.57,842183,DHAN_HISTORY,2026-03-15 16:44:02
IFCI,2025-12-31 09:23:00,53.6,54.13,53.56,53.99,729101,DHAN_HISTORY,2026-03-15 16:44:02
IFCI,2025-12-31 09:24:00,54.08,54.14,53.81,53.81,970863,DHAN_HISTORY,2026-03-15 16:44:02
IFCI,2025-12-31 09:25:00,53.82,53.9,53.5,53.5,578755,DHAN_HISTORY,2026-03-15 16:44:02
IFCI,2025-12-31 09:26:00,53.49,53.56,53.23,53.44,562612,DHAN_HISTORY,2026-03-15 16:44:02
IFCI,2025-12-31 09:27:00,53.45,54.2,53.4,53.74,1067791,DHAN_HISTORY,2026-03-15 16:44:02
IFCI,2025-12-31 09:28:00,53.73,53.88,53.4,53.48,500119,DHAN_HISTORY,2026-03-15 16:44:02
IFCI,2025-12-31 09:29:00,53.47,53.74,53.47,53.52,303304,DHAN_HISTORY,2026-03-15 16:44:02
IFCI,2025-12-31 09:30:00,53.55,53.67,53.42,53.67,313092,DHAN_HISTORY,2026-03-15 16:44:02
IFCI,2025-12-31 09:31:00,53.71,53.96,53.53,53.64,565992,DHAN_HISTORY,2026-03-15 16:44:02
IFCI,2025-12-31 09:32:00,53.66,53.84,53.63,53.79,271795,DHAN_HISTORY,2026-03-15 16:44:02
IFCI,2025-12-31 09:33:00,53.86,54.15,53.85,54.02,721123,DHAN_HISTORY,2026-03-15 16:44:02
IFCI,2025-12-31 09:34:00,54.08,54.1,53.81,53.87,460982,DHAN_HISTORY,2026-03-15 16:44:02
IFCI,2025-12-31 09:35:00,53.87,54.0,53.82,53.82,449066,DHAN_HISTORY,2026-03-15 16:44:02
IFCI,2025-12-31 09:36:00,53.82,54.1,53.8,54.03,518190,DHAN_HISTORY,2026-03-15 16:44:02
IFCI,2025-12-31 09:37:00,54.0,54.5,54.0,54.25,1379930,DHAN_HISTORY,2026-03-15 16:44:02
IFCI,2025-12-31 09:38:00,54.26,54.3,53.88,53.95,628978,DHAN_HISTORY,2026-03-15 16:44:02
IFCI,2025-12-31 09:39:00,53.95,53.95,53.8,53.91,318866,DHAN_HISTORY,2026-03-15 16:44:02
IFCI,2025-12-31 09:40:00,53.92,54.4,53.87,54.34,604888,DHAN_HISTORY,2026-03-15 16:44:02
IFCI,2025-12-31 09:41:00,54.29,54.43,54.22,54.22,529934,DHAN_HISTORY,2026-03-15 16:44:02
IFCI,2025-12-31 09:42:00,54.22,54.3,54.17,54.21,272158,DHAN_HISTORY,2026-03-15 16:44:02
IFCI,2025-12-31 09:43:00,54.21,54.23,54.0,54.13,354589,DHAN_HISTORY,2026-03-15 16:44:02
IFCI,2025-12-31 09:44:00,54.11,54.2,53.97,54.0,336045,DHAN_HISTORY,2026-03-15 16:44:02
IFCI,2025-12-31 09:45:00,54.04,54.04,53.61,53.67,755983,DHAN_HISTORY,2026-03-15 16:44:02
IFCI,2025-12-31 09:46:00,53.65,53.78,53.57,53.76,281996,DHAN_HISTORY,2026-03-15 16:44:02
IFCI,2025-12-31 09:47:00,53.77,53.95,53.69,53.9,307240,DHAN_HISTORY,2026-03-15 16:44:02
IFCI,2025-12-31 09:48:00,53.9,53.9,53.75,53.79,191596,DHAN_HISTORY,2026-03-15 16:44:02
IFCI,2025-12-31 09:49:00,53.78,53.88,53.66,53.66,150891,DHAN_HISTORY,2026-03-15 16:44:02
IFCI,2025-12-31 09:50:00,53.69,53.81,53.61,53.78,212767,DHAN_HISTORY,2026-03-15 16:44:02
IFCI,2025-12-31 09:51:00,53.78,53.83,53.65,53.74,145351,DHAN_HISTORY,2026-03-15 16:44:02
IFCI,2025-12-31 09:52:00,53.74,53.78,53.68,53.75,117496,DHAN_HISTORY,2026-03-15 16:44:02
IFCI,2025-12-31 09:53:00,53.78,53.85,53.7,53.71,384281,DHAN_HISTORY,2026-03-15 16:44:02
IFCI,2025-12-31 09:54:00,53.75,53.75,53.35,53.55,637209,DHAN_HISTORY,2026-03-15 16:44:02
IFCI,2025-12-31 09:55:00,53.55,53.71,53.43,53.67,315430,DHAN_HISTORY,2026-03-15 16:44:02
IFCI,2025-12-31 09:56:00,53.66,53.8,53.55,53.8,157167,DHAN_HISTORY,2026-03-15 16:44:02
IFCI,2025-12-31 09:57:00,53.75,53.8,53.62,53.78,144050,DHAN_HISTORY,2026-03-15 16:44:02
IFCI,2025-12-31 09:58:00,53.8,53.95,53.7,53.91,297923,DHAN_HISTORY,2026-03-15 16:44:02
IFCI,2025-12-31 09:59:00,53.9,53.95,53.84,53.85,208817,DHAN_HISTORY,2026-03-15 16:44:02
IFCI,2025-12-31 10:00:00,53.82,54.06,53.82,54.02,566546,DHAN_HISTORY,2026-03-15 16:44:02
IFCI,2025-12-31 10:01:00,54.01,54.03,53.82,53.82,198439,DHAN_HISTORY,2026-03-15 16:44:02
IFCI,2025-12-31 10:02:00,53.83,54.04,53.82,54.02,229948,DHAN_HISTORY,2026-03-15 16:44:02
IFCI,2025-12-31 10:03:00,54.03,54.38,54.03,54.35,1115280,DHAN_HISTORY,2026-03-15 16:44:02
IFCI,2025-12-31 10:04:00,54.32,54.38,54.21,54.35,344178,DHAN_HISTORY,2026-03-15 16:44:02
IFCI,2025-12-31 10:05:00,54.32,54.38,54.18,54.38,374263,DHAN_HISTORY,2026-03-15 16:44:02
IFCI,2025-12-31 10:06:00,54.38,54.45,54.29,54.35,483874,DHAN_HISTORY,2026-03-15 16:44:02
IFCI,2025-12-31 10:07:00,54.35,54.35,54.11,54.25,464573,DHAN_HISTORY,2026-03-15 16:44:02
IFCI,2025-12-31 10:08:00,54.21,54.24,54.11,54.19,266202,DHAN_HISTORY,2026-03-15 16:44:02
IFCI,2025-12-31 10:09:00,54.17,54.2,54.03,54.17,250764,DHAN_HISTORY,2026-03-15 16:44:02
IFCI,2025-12-31 10:10:00,54.2,54.26,54.12,54.24,210347,DHAN_HISTORY,2026-03-15 16:44:02
IFCI,2025-12-31 10:11:00,54.21,54.25,54.15,54.22,159573,DHAN_HISTORY,2026-03-15 16:44:02
IFCI,2025-12-31 10:12:00,54.2,54.24,54.15,54.22,119162,DHAN_HISTORY,2026-03-15 16:44:02
IFCI,2025-12-31 10:13:00,54.2,54.23,53.95,54.07,419696,DHAN_HISTORY,2026-03-15 16:44:02
IFCI,2025-12-31 10:14:00,54.09,54.1,53.93,54.0,193299,DHAN_HISTORY,2026-03-15 16:44:02
IFCI,2025-12-31 10:15:00,54.0,54.16,53.95,54.1,172850,DHAN_HISTORY,2026-03-15 16:44:02
IFCI,2025-12-31 10:16:00,54.08,54.2,54.05,54.12,120444,DHAN_HISTORY,2026-03-15 16:44:02
IFCI,2025-12-31 10:17:00,54.18,54.18,53.95,54.0,161396,DHAN_HISTORY,2026-03-15 16:44:02
IFCI,2025-12-31 10:18:00,53.96,53.99,53.87,53.94,212649,DHAN_HISTORY,2026-03-15 16:44:02
IFCI,2025-12-31 10:19:00,53.94,53.94,53.85,53.86,92477,DHAN_HISTORY,2026-03-15 16:44:02
IFCI,2025-12-31 10:20:00,53.89,53.9,53.83,53.85,108058,DHAN_HISTORY,2026-03-15 16:44:02
IFCI,2025-12-31 10:21:00,53.85,53.88,53.84,53.88,57266,DHAN_HISTORY,2026-03-15 16:44:02
IFCI,2025-12-31 10:22:00,53.85,53.91,53.85,53.89,67613,DHAN_HISTORY,2026-03-15 16:44:02
IFCI,2025-12-31 10:23:00,53.88,53.96,53.85,53.91,106794,DHAN_HISTORY,2026-03-15 16:44:02
IFCI,2025-12-31 10:24:00,53.88,53.94,53.85,53.92,37276,DHAN_HISTORY,2026-03-15 16:44:02
IFCI,2025-12-31 10:25:00,53.94,53.94,53.82,53.86,144283,DHAN_HISTORY,2026-03-15 16:44:02
IFCI,2025-12-31 10:26:00,53.82,53.87,53.73,53.78,253063,DHAN_HISTORY,2026-03-15 16:44:02
IFCI,2025-12-31 10:27:00,53.72,53.82,53.7,53.7,171923,DHAN_HISTORY,2026-03-15 16:44:02
IFCI,2025-12-31 10:28:00,53.71,53.8,53.63,53.66,210141,DHAN_HISTORY,2026-03-15 16:44:02
IFCI,2025-12-31 10:29:00,53.66,53.85,53.62,53.8,186190,DHAN_HISTORY,2026-03-15 16:44:02
IFCI,2025-12-31 10:30:00,53.75,53.95,53.7,53.95,166030,DHAN_HISTORY,2026-03-15 16:44:02
IFCI,2025-12-31 10:31:00,53.95,54.09,53.89,53.9,241414,DHAN_HISTORY,2026-03-15 16:44:02
IFCI,2025-12-31 10:32:00,53.92,53.93,53.82,53.86,88890,DHAN_HISTORY,2026-03-15 16:44:02
IFCI,2025-12-31 10:33:00,53.85,53.88,53.8,53.85,70021,DHAN_HISTORY,2026-03-15 16:44:02
IFCI,2025-12-31 10:34:00,53.82,53.85,53.74,53.8,117718,DHAN_HISTORY,2026-03-15 16:44:02
IFCI,2025-12-31 10:35:00,53.81,53.85,53.75,53.8,64940,DHAN_HISTORY,2026-03-15 16:44:02
IFCI,2025-12-31 10:36:00,53.75,53.79,53.75,53.78,35915,DHAN_HISTORY,2026-03-15 16:44:02
IFCI,2025-12-31 10:37:00,53.78,53.86,53.78,53.8,51621,DHAN_HISTORY,2026-03-15 16:44:02
IFCI,2025-12-31 10:38:00,53.8,53.88,53.78,53.82,56874,DHAN_HISTORY,2026-03-15 16:44:02
IFCI,2025-12-31 10:39:00,53.82,53.84,53.78,53.8,29817,DHAN_HISTORY,2026-03-15 16:44:02
IFCI,2025-12-31 10:40:00,53.8,53.92,53.8,53.92,64104,DHAN_HISTORY,2026-03-15 16:44:02
IFCI,2025-12-31 10:41:00,53.92,54.11,53.9,54.09,226784,DHAN_HISTORY,2026-03-15 16:44:02
IFCI,2025-12-31 10:42:00,54.09,54.26,54.09,54.17,440536,DHAN_HISTORY,2026-03-15 16:44:02
IFCI,2025-12-31 10:43:00,54.17,54.2,53.93,54.1,288836,DHAN_HISTORY,2026-03-15 16:44:02
IFCI,2025-12-31 10:44:00,54.05,54.2,54.03,54.09,247913,DHAN_HISTORY,2026-03-15 16:44:02
IFCI,2025-12-31 10:45:00,54.1,54.16,54.05,54.08,288649,DHAN_HISTORY,2026-03-15 16:44:02
IFCI,2025-12-31 10:46:00,54.09,54.1,53.96,54.02,187979,DHAN_HISTORY,2026-03-15 16:44:02
IFCI,2025-12-31 10:47:00,54.02,54.04,53.88,53.97,233894,DHAN_HISTORY,2026-03-15 16:44:02
IFCI,2025-12-31 10:48:00,54.01,54.12,53.97,54.02,118637,DHAN_HISTORY,2026-03-15 16:44:02
IFCI,2025-12-31 10:49:00,54.0,54.02,53.97,54.02,118413,DHAN_HISTORY,2026-03-15 16:44:02
IFCI,2025-12-31 10:50:00,54.02,54.27,53.97,54.15,532166,DHAN_HISTORY,2026-03-15 16:44:02
IFCI,2025-12-31 10:51:00,54.19,54.22,54.12,54.16,189864,DHAN_HISTORY,2026-03-15 16:44:02
IFCI,2025-12-31 10:52:00,54.19,54.19,54.09,54.18,114654,DHAN_HISTORY,2026-03-15 16:44:02
IFCI,2025-12-31 10:53:00,54.18,54.23,54.12,54.2,213742,DHAN_HISTORY,2026-03-15 16:44:02
IFCI,2025-12-31 10:54:00,54.2,54.22,54.13,54.19,112818,DHAN_HISTORY,2026-03-15 16:44:02
IFCI,2025-12-31 10:55:00,54.15,54.2,54.0,54.05,246253,DHAN_HISTORY,2026-03-15 16:44:02
IFCI,2025-12-31 10:56:00,54.05,54.05,53.86,53.98,286503,DHAN_HISTORY,2026-03-15 16:44:02
IFCI,2025-12-31 10:57:00,53.95,53.98,53.91,53.95,89669,DHAN_HISTORY,2026-03-15 16:44:02
IFCI,2025-12-31 10:58:00,53.95,53.98,53.91,53.94,248974,DHAN_HISTORY,2026-03-15 16:44:02
IFCI,2025-12-31 10:59:00,53.98,53.98,53.92,53.97,67196,DHAN_HISTORY,2026-03-15 16:44:02
IFCI,2025-12-31 11:00:00,53.97,53.97,53.88,53.92,134804,DHAN_HISTORY,2026-03-15 16:44:02
IFCI,2025-12-31 11:01:00,53.92,54.02,53.89,53.95,93222,DHAN_HISTORY,2026-03-15 16:44:02
IFCI,2025-12-31 11:02:00,53.94,53.96,53.9,53.9,51583,DHAN_HISTORY,2026-03-15 16:44:02
IFCI,2025-12-31 11:03:00,53.9,53.93,53.82,53.82,85353,DHAN_HISTORY,2026-03-15 16:44:02
IFCI,2025-12-31 11:04:00,53.88,53.9,53.8,53.86,149190,DHAN_HISTORY,2026-03-15 16:44:02
IFCI,2025-12-31 11:05:00,53.88,53.88,53.8,53.82,88677,DHAN_HISTORY,2026-03-15 16:44:02
IFCI,2025-12-31 11:06:00,53.84,53.86,53.8,53.84,109598,DHAN_HISTORY,2026-03-15 16:44:02
IFCI,2025-12-31 11:07:00,53.84,53.86,53.82,53.82,131953,DHAN_HISTORY,2026-03-15 16:44:02
IFCI,2025-12-31 11:08:00,53.81,53.82,53.61,53.67,346302,DHAN_HISTORY,2026-03-15 16:44:02
IFCI,2025-12-31 11:09:00,53.65,53.7,53.61,53.7,109532,DHAN_HISTORY,2026-03-15 16:44:02
IFCI,2025-12-31 11:10:00,53.65,53.75,53.65,53.71,66474,DHAN_HISTORY,2026-03-15 16:44:02
IFCI,2025-12-31 11:11:00,53.72,53.81,53.72,53.72,116285,DHAN_HISTORY,2026-03-15 16:44:02
IFCI,2025-12-31 11:12:00,53.74,53.74,53.45,53.55,623591,DHAN_HISTORY,2026-03-15 16:44:02
IFCI,2025-12-31 11:13:00,53.58,53.62,53.53,53.58,91103,DHAN_HISTORY,2026-03-15 16:44:02
IFCI,2025-12-31 11:14:00,53.56,53.6,53.55,53.58,17624,DHAN_HISTORY,2026-03-15 16:44:02
IFCI,2025-12-31 11:15:00,53.58,53.6,53.46,53.49,177030,DHAN_HISTORY,2026-03-15 16:44:02
IFCI,2025-12-31 11:16:00,53.5,53.5,53.42,53.43,242551,DHAN_HISTORY,2026-03-15 16:44:02
IFCI,2025-12-31 11:17:00,53.43,53.43,53.31,53.35,224055,DHAN_HISTORY,2026-03-15 16:44:02
IFCI,2025-12-31 11:18:00,53.32,53.45,53.32,53.39,200358,DHAN_HISTORY,2026-03-15 16:44:02
IFCI,2025-12-31 11:19:00,53.4,53.42,53.36,53.4,121131,DHAN_HISTORY,2026-03-15 16:44:02
IFCI,2025-12-31 11:20:00,53.4,53.41,53.2,53.25,305319,DHAN_HISTORY,2026-03-15 16:44:02
IFCI,2025-12-31 11:21:00,53.25,53.28,53.2,53.24,116204,DHAN_HISTORY,2026-03-15 16:44:02
IFCI,2025-12-31 11:22:00,53.2,53.24,53.12,53.15,191799,DHAN_HISTORY,2026-03-15 16:44:02
IFCI,2025-12-31 11:23:00,53.1,53.23,53.1,53.2,183304,DHAN_HISTORY,2026-03-15 16:44:02
IFCI,2025-12-31 11:24:00,53.2,53.2,53.1,53.15,110110,DHAN_HISTORY,2026-03-15 16:44:02
IFCI,2025-12-31 11:25:00,53.12,53.38,53.12,53.29,270028,DHAN_HISTORY,2026-03-15 16:44:02
IFCI,2025-12-31 11:26:00,53.27,53.34,53.21,53.34,125276,DHAN_HISTORY,2026-03-15 16:44:02
IFCI,2025-12-31 11:27:00,53.31,53.44,53.27,53.39,231829,DHAN_HISTORY,2026-03-15 16:44:02
IFCI,2025-12-31 11:28:00,53.37,53.39,53.25,53.37,138094,DHAN_HISTORY,2026-03-15 16:44:02
IFCI,2025-12-31 11:29:00,53.36,53.37,53.28,53.36,60737,DHAN_HISTORY,2026-03-15 16:44:02
IFCI,2025-12-31 11:30:00,53.36,53.49,53.31,53.46,225169,DHAN_HISTORY,2026-03-15 16:44:02
IFCI,2025-12-31 11:31:00,53.47,53.47,53.32,53.32,78720,DHAN_HISTORY,2026-03-15 16:44:02
IFCI,2025-12-31 11:32:00,53.33,53.45,53.32,53.44,83599,DHAN_HISTORY,2026-03-15 16:44:02
IFCI,2025-12-31 11:33:00,53.44,53.45,53.41,53.45,10062,DHAN_HISTORY,2026-03-15 16:44:02
IFCI,2025-12-31 11:34:00,53.4,53.43,53.33,53.4,99905,DHAN_HISTORY,2026-03-15 16:44:02
IFCI,2025-12-31 11:35:00,53.4,53.65,53.38,53.56,149365,DHAN_HISTORY,2026-03-15 16:44:02
IFCI,2025-12-31 11:36:00,53.56,53.59,53.5,53.54,63223,DHAN_HISTORY,2026-03-15 16:44:02
IFCI,2025-12-31 11:37:00,53.54,53.63,53.5,53.59,101590,DHAN_HISTORY,2026-03-15 16:44:02
IFCI,2025-12-31 11:38:00,53.59,53.6,53.55,53.56,76302,DHAN_HISTORY,2026-03-15 16:44:02
IFCI,2025-12-31 11:39:00,53.59,53.69,53.56,53.61,176968,DHAN_HISTORY,2026-03-15 16:44:02
IFCI,2025-12-31 11:40:00,53.61,53.68,53.6,53.6,145181,DHAN_HISTORY,2026-03-15 16:44:02
IFCI,2025-12-31 11:41:00,53.6,53.64,53.6,53.6,30855,DHAN_HISTORY,2026-03-15 16:44:02
IFCI,2025-12-31 11:42:00,53.6,53.65,53.57,53.57,159109,DHAN_HISTORY,2026-03-15 16:44:02
IFCI,2025-12-31 11:43:00,53.55,53.64,53.55,53.64,71044,DHAN_HISTORY,2026-03-15 16:44:02
IFCI,2025-12-31 11:44:00,53.7,53.7,53.62,53.67,92958,DHAN_HISTORY,2026-03-15 16:44:02
IFCI,2025-12-31 11:45:00,53.67,53.68,53.62,53.64,18224,DHAN_HISTORY,2026-03-15 16:44:02
IFCI,2025-12-31 11:46:00,53.64,53.67,53.58,53.58,40437,DHAN_HISTORY,2026-03-15 16:44:02
IFCI,2025-12-31 11:47:00,53.56,53.59,53.4,53.41,153415,DHAN_HISTORY,2026-03-15 16:44:02
IFCI,2025-12-31 11:48:00,53.39,53.49,53.39,53.45,32816,DHAN_HISTORY,2026-03-15 16:44:02
IFCI,2025-12-31 11:49:00,53.48,53.5,53.45,53.48,22020,DHAN_HISTORY,2026-03-15 16:44:02
IFCI,2025-12-31 11:50:00,53.48,53.57,53.47,53.54,29411,DHAN_HISTORY,2026-03-15 16:44:02
IFCI,2025-12-31 11:51:00,53.54,53.54,53.48,53.5,11432,DHAN_HISTORY,2026-03-15 16:44:02
IFCI,2025-12-31 11:52:00,53.48,53.58,53.45,53.57,70164,DHAN_HISTORY,2026-03-15 16:44:02
IFCI,2025-12-31 11:53:00,53.59,53.59,53.55,53.55,19580,DHAN_HISTORY,2026-03-15 16:44:02
IFCI,2025-12-31 11:54:00,53.55,53.59,53.53,53.55,11601,DHAN_HISTORY,2026-03-15 16:44:02
IFCI,2025-12-31 11:55:00,53.57,53.58,53.49,53.54,39341,DHAN_HISTORY,2026-03-15 16:44:02
IFCI,2025-12-31 11:56:00,53.49,53.54,53.45,53.45,16671,DHAN_HISTORY,2026-03-15 16:44:02
IFCI,2025-12-31 11:57:00,53.45,53.52,53.45,53.49,19544,DHAN_HISTORY,2026-03-15 16:44:02
IFCI,2025-12-31 11:58:00,53.49,53.53,53.49,53.53,5859,DHAN_HISTORY,2026-03-15 16:44:02
IFCI,2025-12-31 11:59:00,53.49,53.53,53.48,53.53,12745,DHAN_HISTORY,2026-03-15 16:44:02
IFCI,2025-12-31 12:00:00,53.53,53.53,53.48,53.49,28637,DHAN_HISTORY,2026-03-15 16:44:02
IFCI,2025-12-31 12:01:00,53.49,53.5,53.48,53.49,19813,DHAN_HISTORY,2026-03-15 16:44:02
IFCI,2025-12-31 12:02:00,53.48,53.49,53.48,53.48,11897,DHAN_HISTORY,2026-03-15 16:44:02
IFCI,2025-12-31 12:03:00,53.48,53.51,53.48,53.51,15448,DHAN_HISTORY,2026-03-15 16:44:02
IFCI,2025-12-31 12:04:00,53.48,53.52,53.46,53.48,18419,DHAN_HISTORY,2026-03-15 16:44:02
IFCI,2025-12-31 12:05:00,53.48,53.52,53.46,53.51,18250,DHAN_HISTORY,2026-03-15 16:44:02
IFCI,2025-12-31 12:06:00,53.47,53.51,53.45,53.45,15597,DHAN_HISTORY,2026-03-15 16:44:02
IFCI,2025-12-31 12:07:00,53.45,53.5,53.45,53.48,16577,DHAN_HISTORY,2026-03-15 16:44:02
IFCI,2025-12-31 12:08:00,53.5,53.58,53.5,53.5,96750,DHAN_HISTORY,2026-03-15 16:44:02
IFCI,2025-12-31 12:09:00,53.54,53.55,53.51,53.55,33230,DHAN_HISTORY,2026-03-15 16:44:02
IFCI,2025-12-31 12:10:00,53.55,53.55,53.47,53.48,66515,DHAN_HISTORY,2026-03-15 16:44:02
IFCI,2025-12-31 12:11:00,53.48,53.5,53.42,53.44,38243,DHAN_HISTORY,2026-03-15 16:44:02
IFCI,2025-12-31 12:12:00,53.48,53.48,53.41,53.46,35484,DHAN_HISTORY,2026-03-15 16:44:02
IFCI,2025-12-31 12:13:00,53.46,53.48,53.43,53.46,42842,DHAN_HISTORY,2026-03-15 16:44:02
IFCI,2025-12-31 12:14:00,53.42,53.47,53.33,53.33,121947,DHAN_HISTORY,2026-03-15 16:44:02
IFCI,2025-12-31 12:15:00,53.37,53.47,53.36,53.46,68792,DHAN_HISTORY,2026-03-15 16:44:02
IFCI,2025-12-31 12:16:00,53.45,53.45,53.4,53.4,20665,DHAN_HISTORY,2026-03-15 16:44:02
IFCI,2025-12-31 12:17:00,53.4,53.44,53.4,53.41,9294,DHAN_HISTORY,2026-03-15 16:44:02
IFCI,2025-12-31 12:18:00,53.44,53.48,53.41,53.47,23749,DHAN_HISTORY,2026-03-15 16:44:02
IFCI,2025-12-31 12:19:00,53.48,53.55,53.47,53.5,127284,DHAN_HISTORY,2026-03-15 16:44:02
IFCI,2025-12-31 12:20:00,53.44,53.49,53.39,53.41,109782,DHAN_HISTORY,2026-03-15 16:44:02
IFCI,2025-12-31 12:21:00,53.44,53.44,53.39,53.4,8944,DHAN_HISTORY,2026-03-15 16:44:02
IFCI,2025-12-31 12:22:00,53.4,53.44,53.36,53.4,35639,DHAN_HISTORY,2026-03-15 16:44:02
IFCI,2025-12-31 12:23:00,53.44,53.45,53.38,53.41,12128,DHAN_HISTORY,2026-03-15 16:44:02
IFCI,2025-12-31 12:24:00,53.42,53.45,53.42,53.43,17361,DHAN_HISTORY,2026-03-15 16:44:02
IFCI,2025-12-31 12:25:00,53.51,53.52,53.46,53.49,113292,DHAN_HISTORY,2026-03-15 16:44:02
IFCI,2025-12-31 12:26:00,53.49,53.49,53.42,53.46,23493,DHAN_HISTORY,2026-03-15 16:44:02
IFCI,2025-12-31 12:27:00,53.49,53.5,53.42,53.48,21714,DHAN_HISTORY,2026-03-15 16:44:02
IFCI,2025-12-31 12:28:00,53.5,53.66,53.49,53.66,136950,DHAN_HISTORY,2026-03-15 16:44:02
IFCI,2025-12-31 12:29:00,53.63,53.63,53.55,53.56,34923,DHAN_HISTORY,2026-03-15 16:44:02
IFCI,2025-12-31 12:30:00,53.61,53.61,53.5,53.55,38300,DHAN_HISTORY,2026-03-15 16:44:02
IFCI,2025-12-31 12:31:00,53.55,53.55,53.47,53.54,18775,DHAN_HISTORY,2026-03-15 16:44:02
IFCI,2025-12-31 12:32:00,53.51,53.54,53.49,53.53,20328,DHAN_HISTORY,2026-03-15 16:44:02
IFCI,2025-12-31 12:33:00,53.54,53.55,53.49,53.55,35042,DHAN_HISTORY,2026-03-15 16:44:02
IFCI,2025-12-31 12:34:00,53.54,53.55,53.48,53.48,44617,DHAN_HISTORY,2026-03-15 16:44:02
IFCI,2025-12-31 12:35:00,53.52,53.53,53.43,53.53,106903,DHAN_HISTORY,2026-03-15 16:44:02
IFCI,2025-12-31 12:36:00,53.5,53.53,53.5,53.53,15921,DHAN_HISTORY,2026-03-15 16:44:02
IFCI,2025-12-31 12:37:00,53.5,53.53,53.5,53.5,11489,DHAN_HISTORY,2026-03-15 16:44:02
IFCI,2025-12-31 12:38:00,53.5,53.5,53.45,53.45,22620,DHAN_HISTORY,2026-03-15 16:44:02
IFCI,2025-12-31 12:39:00,53.44,53.49,53.42,53.48,67868,DHAN_HISTORY,2026-03-15 16:44:02
IFCI,2025-12-31 12:40:00,53.48,53.5,53.41,53.47,11941,DHAN_HISTORY,2026-03-15 16:44:02
IFCI,2025-12-31 12:41:00,53.49,53.49,53.44,53.45,7758,DHAN_HISTORY,2026-03-15 16:44:02
IFCI,2025-12-31 12:42:00,53.48,53.51,53.42,53.46,46850,DHAN_HISTORY,2026-03-15 16:44:02
IFCI,2025-12-31 12:43:00,53.42,53.47,53.4,53.45,15733,DHAN_HISTORY,2026-03-15 16:44:02
IFCI,2025-12-31 12:44:00,53.45,53.45,53.41,53.42,22769,DHAN_HISTORY,2026-03-15 16:44:02
IFCI,2025-12-31 12:45:00,53.42,53.45,53.34,53.35,60998,DHAN_HISTORY,2026-03-15 16:44:02
IFCI,2025-12-31 12:46:00,53.35,53.4,53.3,53.38,54787,DHAN_HISTORY,2026-03-15 16:44:02
IFCI,2025-12-31 12:47:00,53.33,53.38,53.3,53.34,58674,DHAN_HISTORY,2026-03-15 16:44:02
IFCI,2025-12-31 12:48:00,53.3,53.37,53.23,53.36,102093,DHAN_HISTORY,2026-03-15 16:44:02
IFCI,2025-12-31 12:49:00,53.33,53.39,53.31,53.38,21097,DHAN_HISTORY,2026-03-15 16:44:02
IFCI,2025-12-31 12:50:00,53.38,53.46,53.35,53.43,29301,DHAN_HISTORY,2026-03-15 16:44:02
IFCI,2025-12-31 12:51:00,53.43,53.5,53.43,53.46,29871,DHAN_HISTORY,2026-03-15 16:44:02
IFCI,2025-12-31 12:52:00,53.52,53.52,53.46,53.48,85252,DHAN_HISTORY,2026-03-15 16:44:02
IFCI,2025-12-31 12:53:00,53.52,53.57,53.48,53.56,34127,DHAN_HISTORY,2026-03-15 16:44:02
IFCI,2025-12-31 12:54:00,53.58,53.58,53.44,53.46,67896,DHAN_HISTORY,2026-03-15 16:44:02
IFCI,2025-12-31 12:55:00,53.44,53.49,53.44,53.44,13396,DHAN_HISTORY,2026-03-15 16:44:02
IFCI,2025-12-31 12:56:00,53.48,53.52,53.45,53.45,18824,DHAN_HISTORY,2026-03-15 16:44:02
IFCI,2025-12-31 12:57:00,53.49,53.57,53.45,53.54,31777,DHAN_HISTORY,2026-03-15 16:44:02
IFCI,2025-12-31 12:58:00,53.49,53.6,53.48,53.6,32138,DHAN_HISTORY,2026-03-15 16:44:02
IFCI,2025-12-31 12:59:00,53.6,53.6,53.52,53.53,11178,DHAN_HISTORY,2026-03-15 16:44:02
IFCI,2025-12-31 13:00:00,53.52,53.55,53.48,53.52,26954,DHAN_HISTORY,2026-03-15 16:44:02
IFCI,2025-12-31 13:01:00,53.48,53.5,53.45,53.48,14645,DHAN_HISTORY,2026-03-15 16:44:02
IFCI,2025-12-31 13:02:00,53.48,53.49,53.45,53.48,1564,DHAN_HISTORY,2026-03-15 16:44:02
IFCI,2025-12-31 13:03:00,53.48,53.48,53.38,53.38,68857,DHAN_HISTORY,2026-03-15 16:44:02
IFCI,2025-12-31 13:04:00,53.38,53.5,53.38,53.49,22805,DHAN_HISTORY,2026-03-15 16:44:02
IFCI,2025-12-31 13:05:00,53.52,53.55,53.44,53.49,30417,DHAN_HISTORY,2026-03-15 16:44:02
IFCI,2025-12-31 13:06:00,53.44,53.5,53.44,53.47,8393,DHAN_HISTORY,2026-03-15 16:44:02
IFCI,2025-12-31 13:07:00,53.5,53.5,53.46,53.48,5763,DHAN_HISTORY,2026-03-15 16:44:02
IFCI,2025-12-31 13:08:00,53.49,53.5,53.45,53.48,9881,DHAN_HISTORY,2026-03-15 16:44:02
IFCI,2025-12-31 13:09:00,53.49,53.49,53.46,53.49,8609,DHAN_HISTORY,2026-03-15 16:44:02
IFCI,2025-12-31 13:10:00,53.47,53.78,53.46,53.68,270123,DHAN_HISTORY,2026-03-15 16:44:02
IFCI,2025-12-31 13:11:00,53.68,53.84,53.68,53.69,90233,DHAN_HISTORY,2026-03-15 16:44:02
IFCI,2025-12-31 13:12:00,53.79,53.85,53.7,53.74,110093,DHAN_HISTORY,2026-03-15 16:44:02
IFCI,2025-12-31 13:13:00,53.74,53.75,53.66,53.67,31012,DHAN_HISTORY,2026-03-15 16:44:02
IFCI,2025-12-31 13:14:00,53.65,53.69,53.65,53.65,23436,DHAN_HISTORY,2026-03-15 16:44:02
IFCI,2025-12-31 13:15:00,53.66,53.68,53.57,53.57,39834,DHAN_HISTORY,2026-03-15 16:44:02
IFCI,2025-12-31 13:16:00,53.56,53.69,53.56,53.64,65606,DHAN_HISTORY,2026-03-15 16:44:02
IFCI,2025-12-31 13:17:00,53.61,53.65,53.61,53.65,19082,DHAN_HISTORY,2026-03-15 16:44:02
IFCI,2025-12-31 13:18:00,53.64,53.65,53.6,53.6,7419,DHAN_HISTORY,2026-03-15 16:44:02
IFCI,2025-12-31 13:19:00,53.58,53.68,53.57,53.65,60464,DHAN_HISTORY,2026-03-15 16:44:02
IFCI,2025-12-31 13:20:00,53.6,53.65,53.58,53.64,13405,DHAN_HISTORY,2026-03-15 16:44:02
IFCI,2025-12-31 13:21:00,53.65,53.65,53.62,53.65,6079,DHAN_HISTORY,2026-03-15 16:44:02
IFCI,2025-12-31 13:22:00,53.65,53.65,53.57,53.64,11107,DHAN_HISTORY,2026-03-15 16:44:02
IFCI,2025-12-31 13:23:00,53.62,53.64,53.57,53.64,12442,DHAN_HISTORY,2026-03-15 16:44:02
IFCI,2025-12-31 13:24:00,53.63,53.63,53.58,53.6,8877,DHAN_HISTORY,2026-03-15 16:44:02
IFCI,2025-12-31 13:25:00,53.63,53.67,53.59,53.59,37477,DHAN_HISTORY,2026-03-15 16:44:02
IFCI,2025-12-31 13:26:00,53.61,53.63,53.6,53.63,4244,DHAN_HISTORY,2026-03-15 16:44:02
IFCI,2025-12-31 13:27:00,53.63,53.65,53.61,53.61,11172,DHAN_HISTORY,2026-03-15 16:44:02
IFCI,2025-12-31 13:28:00,53.62,53.65,53.61,53.62,12736,DHAN_HISTORY,2026-03-15 16:44:02
IFCI,2025-12-31 13:29:00,53.63,53.65,53.63,53.64,10237,DHAN_HISTORY,2026-03-15 16:44:02
IFCI,2025-12-31 13:30:00,53.64,53.7,53.64,53.66,33283,DHAN_HISTORY,2026-03-15 16:44:02
IFCI,2025-12-31 13:31:00,53.69,53.77,53.67,53.71,49372,DHAN_HISTORY,2026-03-15 16:44:02
IFCI,2025-12-31 13:32:00,53.74,53.76,53.71,53.71,60423,DHAN_HISTORY,2026-03-15 16:44:02
IFCI,2025-12-31 13:33:00,53.7,53.73,53.65,53.65,27812,DHAN_HISTORY,2026-03-15 16:44:02
IFCI,2025-12-31 13:34:00,53.68,53.68,53.61,53.61,7436,DHAN_HISTORY,2026-03-15 16:44:02
IFCI,2025-12-31 13:35:00,53.61,53.63,53.56,53.58,38336,DHAN_HISTORY,2026-03-15 16:44:02
IFCI,2025-12-31 13:36:00,53.59,53.62,53.58,53.6,3437,DHAN_HISTORY,2026-03-15 16:44:02
IFCI,2025-12-31 13:37:00,53.58,53.6,53.55,53.55,19253,DHAN_HISTORY,2026-03-15 16:44:02
IFCI,2025-12-31 13:38:00,53.55,53.59,53.52,53.58,25942,DHAN_HISTORY,2026-03-15 16:44:02
IFCI,2025-12-31 13:39:00,53.58,53.58,53.47,53.49,57827,DHAN_HISTORY,2026-03-15 16:44:02
IFCI,2025-12-31 13:40:00,53.51,53.59,53.51,53.57,59942,DHAN_HISTORY,2026-03-15 16:44:02
IFCI,2025-12-31 13:41:00,53.57,53.68,53.57,53.6,41140,DHAN_HISTORY,2026-03-15 16:44:02
IFCI,2025-12-31 13:42:00,53.62,53.64,53.6,53.64,12502,DHAN_HISTORY,2026-03-15 16:44:02
IFCI,2025-12-31 13:43:00,53.61,53.64,53.59,53.63,18622,DHAN_HISTORY,2026-03-15 16:44:02
IFCI,2025-12-31 13:44:00,53.62,53.64,53.59,53.61,4553,DHAN_HISTORY,2026-03-15 16:44:02
IFCI,2025-12-31 13:45:00,53.65,53.67,53.6,53.63,35543,DHAN_HISTORY,2026-03-15 16:44:02
IFCI,2025-12-31 13:46:00,53.63,53.64,53.62,53.63,6514,DHAN_HISTORY,2026-03-15 16:44:02
IFCI,2025-12-31 13:47:00,53.63,53.64,53.6,53.64,17080,DHAN_HISTORY,2026-03-15 16:44:02
IFCI,2025-12-31 13:48:00,53.64,53.72,53.63,53.65,45331,DHAN_HISTORY,2026-03-15 16:44:02
IFCI,2025-12-31 13:49:00,53.69,53.69,53.62,53.66,6373,DHAN_HISTORY,2026-03-15 16:44:02
IFCI,2025-12-31 13:50:00,53.62,53.78,53.62,53.72,78617,DHAN_HISTORY,2026-03-15 16:44:02
IFCI,2025-12-31 13:51:00,53.73,53.73,53.69,53.69,6057,DHAN_HISTORY,2026-03-15 16:44:02
IFCI,2025-12-31 13:52:00,53.69,53.77,53.69,53.71,72932,DHAN_HISTORY,2026-03-15 16:44:02
IFCI,2025-12-31 13:53:00,53.71,53.75,53.69,53.7,9387,DHAN_HISTORY,2026-03-15 16:44:02
IFCI,2025-12-31 13:54:00,53.73,53.75,53.66,53.7,30500,DHAN_HISTORY,2026-03-15 16:44:02
IFCI,2025-12-31 13:55:00,53.7,53.74,53.67,53.72,27621,DHAN_HISTORY,2026-03-15 16:44:02
IFCI,2025-12-31 13:56:00,53.67,53.69,53.65,53.65,7647,DHAN_HISTORY,2026-03-15 16:44:02
IFCI,2025-12-31 13:57:00,53.69,53.71,53.58,53.61,68558,DHAN_HISTORY,2026-03-15 16:44:02
IFCI,2025-12-31 13:58:00,53.6,53.6,53.58,53.6,19705,DHAN_HISTORY,2026-03-15 16:44:02
IFCI,2025-12-31 13:59:00,53.58,53.6,53.56,53.6,24732,DHAN_HISTORY,2026-03-15 16:44:02
IFCI,2025-12-31 14:00:00,53.59,53.6,53.56,53.56,12349,DHAN_HISTORY,2026-03-15 16:44:02
IFCI,2025-12-31 14:01:00,53.57,53.59,53.56,53.57,16027,DHAN_HISTORY,2026-03-15 16:44:02
IFCI,2025-12-31 14:02:00,53.59,53.59,53.37,53.39,348391,DHAN_HISTORY,2026-03-15 16:44:02
IFCI,2025-12-31 14:03:00,53.38,53.45,53.37,53.44,34005,DHAN_HISTORY,2026-03-15 16:44:02
IFCI,2025-12-31 14:04:00,53.42,53.45,53.38,53.41,55249,DHAN_HISTORY,2026-03-15 16:44:02
IFCI,2025-12-31 14:05:00,53.4,53.41,53.32,53.36,34006,DHAN_HISTORY,2026-03-15 16:44:02
IFCI,2025-12-31 14:06:00,53.39,53.4,53.36,53.4,31121,DHAN_HISTORY,2026-03-15 16:44:02
IFCI,2025-12-31 14:07:00,53.38,53.41,53.38,53.38,26822,DHAN_HISTORY,2026-03-15 16:44:02
IFCI,2025-12-31 14:08:00,53.39,53.4,53.38,53.4,5567,DHAN_HISTORY,2026-03-15 16:44:02
IFCI,2025-12-31 14:09:00,53.38,53.42,53.38,53.4,17737,DHAN_HISTORY,2026-03-15 16:44:02
IFCI,2025-12-31 14:10:00,53.42,53.45,53.39,53.42,56258,DHAN_HISTORY,2026-03-15 16:44:02
IFCI,2025-12-31 14:11:00,53.42,53.42,53.36,53.39,61305,DHAN_HISTORY,2026-03-15 16:44:02
IFCI,2025-12-31 14:12:00,53.39,53.41,53.35,53.37,44448,DHAN_HISTORY,2026-03-15 16:44:02
IFCI,2025-12-31 14:13:00,53.38,53.4,53.37,53.39,14773,DHAN_HISTORY,2026-03-15 16:44:02
IFCI,2025-12-31 14:14:00,53.39,53.4,53.33,53.36,29240,DHAN_HISTORY,2026-03-15 16:44:02
IFCI,2025-12-31 14:15:00,53.36,53.39,53.32,53.33,30302,DHAN_HISTORY,2026-03-15 16:44:02
IFCI,2025-12-31 14:16:00,53.33,53.34,53.33,53.33,35348,DHAN_HISTORY,2026-03-15 16:44:02
IFCI,2025-12-31 14:17:00,53.34,53.34,53.25,53.25,122656,DHAN_HISTORY,2026-03-15 16:44:02
IFCI,2025-12-31 14:18:00,53.25,53.3,53.22,53.27,58428,DHAN_HISTORY,2026-03-15 16:44:02
IFCI,2025-12-31 14:19:00,53.3,53.33,53.22,53.25,94006,DHAN_HISTORY,2026-03-15 16:44:02
IFCI,2025-12-31 14:20:00,53.26,53.27,53.2,53.21,21564,DHAN_HISTORY,2026-03-15 16:44:02
IFCI,2025-12-31 14:21:00,53.21,53.23,53.21,53.23,23205,DHAN_HISTORY,2026-03-15 16:44:02
IFCI,2025-12-31 14:22:00,53.21,53.23,53.21,53.22,21066,DHAN_HISTORY,2026-03-15 16:44:02
IFCI,2025-12-31 14:23:00,53.29,53.3,53.11,53.14,186264,DHAN_HISTORY,2026-03-15 16:44:02
IFCI,2025-12-31 14:24:00,53.19,53.28,53.16,53.23,69879,DHAN_HISTORY,2026-03-15 16:44:02
IFCI,2025-12-31 14:25:00,53.23,53.31,53.23,53.25,19386,DHAN_HISTORY,2026-03-15 16:44:02
IFCI,2025-12-31 14:26:00,53.25,53.27,53.19,53.21,39523,DHAN_HISTORY,2026-03-15 16:44:02
IFCI,2025-12-31 14:27:00,53.21,53.27,53.19,53.21,60943,DHAN_HISTORY,2026-03-15 16:44:02
IFCI,2025-12-31 14:28:00,53.22,53.26,53.22,53.24,10363,DHAN_HISTORY,2026-03-15 16:44:02
IFCI,2025-12-31 14:29:00,53.25,53.26,53.21,53.21,8899,DHAN_HISTORY,2026-03-15 16:44:02
IFCI,2025-12-31 14:30:00,53.21,53.26,53.21,53.25,23206,DHAN_HISTORY,2026-03-15 16:44:02
IFCI,2025-12-31 14:31:00,53.22,53.26,53.22,53.24,11690,DHAN_HISTORY,2026-03-15 16:44:02
IFCI,2025-12-31 14:32:00,53.3,53.3,53.25,53.27,25251,DHAN_HISTORY,2026-03-15 16:44:02
IFCI,2025-12-31 14:33:00,53.29,53.3,53.21,53.25,25338,DHAN_HISTORY,2026-03-15 16:44:02
IFCI,2025-12-31 14:34:00,53.21,53.31,53.21,53.24,86655,DHAN_HISTORY,2026-03-15 16:44:02
IFCI,2025-12-31 14:35:00,53.24,53.35,53.15,53.17,149243,DHAN_HISTORY,2026-03-15 16:44:02
IFCI,2025-12-31 14:36:00,53.17,53.26,53.17,53.21,17998,DHAN_HISTORY,2026-03-15 16:44:02
IFCI,2025-12-31 14:37:00,53.21,53.29,53.21,53.26,21965,DHAN_HISTORY,2026-03-15 16:44:02
IFCI,2025-12-31 14:38:00,53.26,53.29,53.24,53.28,7614,DHAN_HISTORY,2026-03-15 16:44:02
IFCI,2025-12-31 14:39:00,53.24,53.32,53.24,53.32,23627,DHAN_HISTORY,2026-03-15 16:44:02
IFCI,2025-12-31 14:40:00,53.31,53.49,53.29,53.39,185349,DHAN_HISTORY,2026-03-15 16:44:02
IFCI,2025-12-31 14:41:00,53.42,53.45,53.39,53.42,43922,DHAN_HISTORY,2026-03-15 16:44:02
IFCI,2025-12-31 14:42:00,53.45,53.74,53.42,53.72,287813,DHAN_HISTORY,2026-03-15 16:44:02
IFCI,2025-12-31 14:43:00,53.7,53.72,53.61,53.65,92431,DHAN_HISTORY,2026-03-15 16:44:02
IFCI,2025-12-31 14:44:00,53.61,53.65,53.47,53.51,72774,DHAN_HISTORY,2026-03-15 16:44:02
IFCI,2025-12-31 14:45:00,53.51,53.59,53.45,53.54,51968,DHAN_HISTORY,2026-03-15 16:44:02
IFCI,2025-12-31 14:46:00,53.54,53.6,53.53,53.56,162016,DHAN_HISTORY,2026-03-15 16:44:02
IFCI,2025-12-31 14:47:00,53.53,53.56,53.42,53.45,24114,DHAN_HISTORY,2026-03-15 16:44:02
IFCI,2025-12-31 14:48:00,53.45,53.53,53.42,53.52,42249,DHAN_HISTORY,2026-03-15 16:44:02
IFCI,2025-12-31 14:49:00,53.53,53.56,53.52,53.52,40242,DHAN_HISTORY,2026-03-15 16:44:02
IFCI,2025-12-31 14:50:00,53.55,53.56,53.49,53.5,29823,DHAN_HISTORY,2026-03-15 16:44:02
IFCI,2025-12-31 14:51:00,53.5,53.54,53.49,53.5,17376,DHAN_HISTORY,2026-03-15 16:44:02
IFCI,2025-12-31 14:52:00,53.5,53.53,53.49,53.52,24891,DHAN_HISTORY,2026-03-15 16:44:02
IFCI,2025-12-31 14:53:00,53.49,53.54,53.43,53.47,65086,DHAN_HISTORY,2026-03-15 16:44:02
IFCI,2025-12-31 14:54:00,53.48,53.5,53.45,53.47,44318,DHAN_HISTORY,2026-03-15 16:44:02
IFCI,2025-12-31 14:55:00,53.47,53.55,53.47,53.47,29609,DHAN_HISTORY,2026-03-15 16:44:02
IFCI,2025-12-31 14:56:00,53.47,53.5,53.44,53.44,23963,DHAN_HISTORY,2026-03-15 16:44:02
IFCI,2025-12-31 14:57:00,53.45,53.45,53.4,53.41,48884,DHAN_HISTORY,2026-03-15 16:44:02
IFCI,2025-12-31 14:58:00,53.44,53.45,53.4,53.4,38122,DHAN_HISTORY,2026-03-15 16:44:02
IFCI,2025-12-31 14:59:00,53.4,53.44,53.35,53.41,63619,DHAN_HISTORY,2026-03-15 16:44:02
IFCI,2025-12-31 15:00:00,53.44,53.46,53.28,53.32,103970,DHAN_HISTORY,2026-03-15 16:44:02
IFCI,2025-12-31 15:01:00,53.31,53.35,53.3,53.32,13028,DHAN_HISTORY,2026-03-15 16:44:02
IFCI,2025-12-31 15:02:00,53.32,53.35,53.3,53.31,38398,DHAN_HISTORY,2026-03-15 16:44:02
IFCI,2025-12-31 15:03:00,53.33,53.33,53.28,53.3,74352,DHAN_HISTORY,2026-03-15 16:44:02
IFCI,2025-12-31 15:04:00,53.32,53.33,53.28,53.28,45695,DHAN_HISTORY,2026-03-15 16:44:02
IFCI,2025-12-31 15:05:00,53.3,53.3,53.24,53.26,53276,DHAN_HISTORY,2026-03-15 16:44:02
IFCI,2025-12-31 15:06:00,53.27,53.3,53.25,53.27,74348,DHAN_HISTORY,2026-03-15 16:44:02
IFCI,2025-12-31 15:07:00,53.27,53.3,53.25,53.28,23704,DHAN_HISTORY,2026-03-15 16:44:02
IFCI,2025-12-31 15:08:00,53.29,53.32,53.25,53.29,56586,DHAN_HISTORY,2026-03-15 16:44:02
IFCI,2025-12-31 15:09:00,53.33,53.4,53.3,53.35,67149,DHAN_HISTORY,2026-03-15 16:44:02
IFCI,2025-12-31 15:10:00,53.35,53.42,53.32,53.42,72097,DHAN_HISTORY,2026-03-15 16:44:02
IFCI,2025-12-31 15:11:00,53.42,53.42,53.3,53.34,85160,DHAN_HISTORY,2026-03-15 16:44:02
IFCI,2025-12-31 15:12:00,53.34,53.38,53.3,53.3,42155,DHAN_HISTORY,2026-03-15 16:44:02
IFCI,2025-12-31 15:13:00,53.34,53.38,53.3,53.36,88935,DHAN_HISTORY,2026-03-15 16:44:02
IFCI,2025-12-31 15:14:00,53.36,53.38,53.32,53.35,91456,DHAN_HISTORY,2026-03-15 16:44:02
IFCI,2025-12-31 15:15:00,53.34,53.36,53.27,53.29,122930,DHAN_HISTORY,2026-03-15 16:44:02
IFCI,2025-12-31 15:16:00,53.29,53.29,53.11,53.11,228331,DHAN_HISTORY,2026-03-15 16:44:02
IFCI,2025-12-31 15:17:00,53.13,53.13,52.95,53.0,389567,DHAN_HISTORY,2026-03-15 16:44:02
IFCI,2025-12-31 15:18:00,53.0,53.0,52.64,52.72,437598,DHAN_HISTORY,2026-03-15 16:44:02
IFCI,2025-12-31 15:19:00,52.7,52.72,52.45,52.45,400563,DHAN_HISTORY,2026-03-15 16:44:02
IFCI,2025-12-31 15:20:00,52.49,52.53,52.44,52.5,115077,DHAN_HISTORY,2026-03-15 16:44:02
IFCI,2025-12-31 15:21:00,52.5,52.52,52.47,52.49,53377,DHAN_HISTORY,2026-03-15 16:44:02
IFCI,2025-12-31 15:22:00,52.49,52.54,52.47,52.53,39184,DHAN_HISTORY,2026-03-15 16:44:02
IFCI,2025-12-31 15:23:00,52.52,52.59,52.5,52.59,31437,DHAN_HISTORY,2026-03-15 16:44:02
IFCI,2025-12-31 15:24:00,52.59,52.6,52.51,52.54,173750,DHAN_HISTORY,2026-03-15 16:44:02
IFCI,2025-12-31 15:25:00,52.54,52.55,52.4,52.44,141106,DHAN_HISTORY,2026-03-15 16:44:02
IFCI,2025-12-31 15:26:00,52.44,52.48,52.4,52.48,92558,DHAN_HISTORY,2026-03-15 16:44:02
IFCI,2025-12-31 15:27:00,52.48,52.49,52.44,52.48,60680,DHAN_HISTORY,2026-03-15 16:44:02
IFCI,2025-12-31 15:28:00,52.48,52.48,52.4,52.48,64709,DHAN_HISTORY,2026-03-15 16:44:02
IFCI,2025-12-31 15:29:00,52.45,52.49,52.4,52.47,99514,DHAN_HISTORY,2026-03-15 16:44:02
