symbol,timestamp,open,high,low,close,volume,source,last_updated
COROMANDEL,2025-12-17 09:15:00,2305.0,2322.2,2297.8,2299.7,2362,DHAN_HISTORY,2026-03-15 17:49:55
COROMANDEL,2025-12-17 09:16:00,2296.0,2296.0,2285.1,2289.4,1642,DHAN_HISTORY,2026-03-15 17:49:55
COROMANDEL,2025-12-17 09:17:00,2291.3,2291.3,2282.0,2289.1,1115,DHAN_HISTORY,2026-03-15 17:49:55
COROMANDEL,2025-12-17 09:18:00,2287.9,2291.2,2282.8,2285.2,3178,DHAN_HISTORY,2026-03-15 17:49:55
COROMANDEL,2025-12-17 09:19:00,2283.7,2287.2,2282.3,2283.2,1488,DHAN_HISTORY,2026-03-15 17:49:55
COROMANDEL,2025-12-17 09:20:00,2283.2,2284.4,2277.4,2284.4,1922,DHAN_HISTORY,2026-03-15 17:49:55
COROMANDEL,2025-12-17 09:21:00,2281.4,2285.8,2278.4,2285.8,1177,DHAN_HISTORY,2026-03-15 17:49:55
COROMANDEL,2025-12-17 09:22:00,2282.4,2290.9,2281.8,2288.5,972,DHAN_HISTORY,2026-03-15 17:49:55
COROMANDEL,2025-12-17 09:23:00,2286.6,2288.9,2283.1,2286.3,607,DHAN_HISTORY,2026-03-15 17:49:55
COROMANDEL,2025-12-17 09:24:00,2285.8,2288.7,2283.9,2285.9,649,DHAN_HISTORY,2026-03-15 17:49:55
COROMANDEL,2025-12-17 09:25:00,2287.5,2290.4,2286.1,2289.0,392,DHAN_HISTORY,2026-03-15 17:49:55
COROMANDEL,2025-12-17 09:26:00,2289.0,2290.9,2287.5,2288.0,1304,DHAN_HISTORY,2026-03-15 17:49:55
COROMANDEL,2025-12-17 09:27:00,2289.8,2289.8,2286.1,2287.5,745,DHAN_HISTORY,2026-03-15 17:49:55
COROMANDEL,2025-12-17 09:28:00,2287.5,2287.5,2285.9,2287.2,131,DHAN_HISTORY,2026-03-15 17:49:55
COROMANDEL,2025-12-17 09:29:00,2286.0,2286.7,2284.0,2284.8,516,DHAN_HISTORY,2026-03-15 17:49:55
COROMANDEL,2025-12-17 09:30:00,2284.8,2285.0,2280.0,2281.7,1706,DHAN_HISTORY,2026-03-15 17:49:55
COROMANDEL,2025-12-17 09:31:00,2281.8,2283.4,2280.0,2283.4,1526,DHAN_HISTORY,2026-03-15 17:49:55
COROMANDEL,2025-12-17 09:32:00,2283.4,2285.2,2283.4,2284.8,188,DHAN_HISTORY,2026-03-15 17:49:55
COROMANDEL,2025-12-17 09:33:00,2286.1,2287.3,2284.8,2287.1,376,DHAN_HISTORY,2026-03-15 17:49:55
COROMANDEL,2025-12-17 09:34:00,2287.1,2288.0,2285.1,2286.2,637,DHAN_HISTORY,2026-03-15 17:49:55
COROMANDEL,2025-12-17 09:35:00,2287.2,2287.2,2284.4,2286.3,473,DHAN_HISTORY,2026-03-15 17:49:55
COROMANDEL,2025-12-17 09:36:00,2286.6,2288.3,2285.9,2286.5,229,DHAN_HISTORY,2026-03-15 17:49:55
COROMANDEL,2025-12-17 09:37:00,2287.7,2290.3,2287.7,2288.9,893,DHAN_HISTORY,2026-03-15 17:49:55
COROMANDEL,2025-12-17 09:38:00,2288.9,2288.9,2286.2,2287.6,490,DHAN_HISTORY,2026-03-15 17:49:55
COROMANDEL,2025-12-17 09:39:00,2286.7,2286.7,2282.9,2284.8,991,DHAN_HISTORY,2026-03-15 17:49:55
COROMANDEL,2025-12-17 09:40:00,2284.8,2284.8,2282.5,2283.1,243,DHAN_HISTORY,2026-03-15 17:49:55
COROMANDEL,2025-12-17 09:41:00,2283.1,2283.4,2283.1,2283.4,109,DHAN_HISTORY,2026-03-15 17:49:55
COROMANDEL,2025-12-17 09:42:00,2283.4,2283.4,2281.0,2281.1,392,DHAN_HISTORY,2026-03-15 17:49:55
COROMANDEL,2025-12-17 09:43:00,2282.7,2285.6,2281.0,2285.6,894,DHAN_HISTORY,2026-03-15 17:49:55
COROMANDEL,2025-12-17 09:44:00,2284.8,2285.7,2281.0,2283.5,693,DHAN_HISTORY,2026-03-15 17:49:55
COROMANDEL,2025-12-17 09:45:00,2283.5,2283.5,2283.2,2283.2,11,DHAN_HISTORY,2026-03-15 17:49:55
COROMANDEL,2025-12-17 09:46:00,2283.9,2287.0,2281.7,2285.5,1022,DHAN_HISTORY,2026-03-15 17:49:55
COROMANDEL,2025-12-17 09:47:00,2287.3,2287.3,2282.1,2286.4,308,DHAN_HISTORY,2026-03-15 17:49:55
COROMANDEL,2025-12-17 09:48:00,2284.5,2284.5,2281.6,2281.6,224,DHAN_HISTORY,2026-03-15 17:49:55
COROMANDEL,2025-12-17 09:49:00,2283.0,2283.8,2282.1,2282.2,146,DHAN_HISTORY,2026-03-15 17:49:55
COROMANDEL,2025-12-17 09:50:00,2283.3,2283.4,2282.2,2283.3,134,DHAN_HISTORY,2026-03-15 17:49:55
COROMANDEL,2025-12-17 09:51:00,2283.7,2285.2,2282.2,2285.2,508,DHAN_HISTORY,2026-03-15 17:49:55
COROMANDEL,2025-12-17 09:52:00,2285.4,2285.4,2283.8,2283.8,103,DHAN_HISTORY,2026-03-15 17:49:55
COROMANDEL,2025-12-17 09:53:00,2285.0,2285.2,2284.9,2285.0,64,DHAN_HISTORY,2026-03-15 17:49:55
COROMANDEL,2025-12-17 09:54:00,2283.7,2284.9,2282.3,2283.3,407,DHAN_HISTORY,2026-03-15 17:49:55
COROMANDEL,2025-12-17 09:55:00,2283.3,2283.3,2281.3,2282.7,329,DHAN_HISTORY,2026-03-15 17:49:55
COROMANDEL,2025-12-17 09:56:00,2282.7,2283.2,2281.2,2281.6,217,DHAN_HISTORY,2026-03-15 17:49:55
COROMANDEL,2025-12-17 09:57:00,2281.6,2283.1,2280.6,2281.7,596,DHAN_HISTORY,2026-03-15 17:49:55
COROMANDEL,2025-12-17 09:58:00,2281.5,2282.2,2280.1,2282.0,369,DHAN_HISTORY,2026-03-15 17:49:55
COROMANDEL,2025-12-17 09:59:00,2282.0,2284.2,2280.9,2283.3,649,DHAN_HISTORY,2026-03-15 17:49:55
COROMANDEL,2025-12-17 10:00:00,2284.1,2287.9,2283.6,2283.6,972,DHAN_HISTORY,2026-03-15 17:49:55
COROMANDEL,2025-12-17 10:01:00,2285.4,2287.6,2282.0,2285.7,1934,DHAN_HISTORY,2026-03-15 17:49:55
COROMANDEL,2025-12-17 10:02:00,2284.7,2284.7,2281.1,2283.4,779,DHAN_HISTORY,2026-03-15 17:49:55
COROMANDEL,2025-12-17 10:03:00,2283.6,2283.6,2280.2,2281.5,252,DHAN_HISTORY,2026-03-15 17:49:55
COROMANDEL,2025-12-17 10:04:00,2281.3,2282.8,2280.0,2281.9,1085,DHAN_HISTORY,2026-03-15 17:49:55
COROMANDEL,2025-12-17 10:05:00,2282.9,2285.7,2280.2,2282.0,1097,DHAN_HISTORY,2026-03-15 17:49:55
COROMANDEL,2025-12-17 10:06:00,2281.7,2286.4,2281.2,2283.0,2257,DHAN_HISTORY,2026-03-15 17:49:55
COROMANDEL,2025-12-17 10:07:00,2283.0,2286.0,2282.3,2285.4,365,DHAN_HISTORY,2026-03-15 17:49:55
COROMANDEL,2025-12-17 10:08:00,2283.6,2285.0,2282.4,2282.4,351,DHAN_HISTORY,2026-03-15 17:49:55
COROMANDEL,2025-12-17 10:09:00,2284.7,2286.0,2282.5,2282.5,536,DHAN_HISTORY,2026-03-15 17:49:55
COROMANDEL,2025-12-17 10:10:00,2283.6,2283.6,2282.3,2283.6,144,DHAN_HISTORY,2026-03-15 17:49:55
COROMANDEL,2025-12-17 10:11:00,2283.6,2283.6,2283.6,2283.6,12,DHAN_HISTORY,2026-03-15 17:49:55
COROMANDEL,2025-12-17 10:12:00,2283.6,2284.1,2282.5,2284.1,126,DHAN_HISTORY,2026-03-15 17:49:55
COROMANDEL,2025-12-17 10:13:00,2283.9,2288.7,2282.3,2288.7,1244,DHAN_HISTORY,2026-03-15 17:49:55
COROMANDEL,2025-12-17 10:14:00,2286.1,2288.0,2283.5,2283.5,224,DHAN_HISTORY,2026-03-15 17:49:55
COROMANDEL,2025-12-17 10:15:00,2285.0,2286.1,2282.8,2284.4,250,DHAN_HISTORY,2026-03-15 17:49:55
COROMANDEL,2025-12-17 10:16:00,2284.4,2284.4,2283.1,2283.1,150,DHAN_HISTORY,2026-03-15 17:49:55
COROMANDEL,2025-12-17 10:17:00,2284.4,2284.4,2280.4,2282.3,720,DHAN_HISTORY,2026-03-15 17:49:55
COROMANDEL,2025-12-17 10:18:00,2281.7,2281.7,2281.7,2281.7,80,DHAN_HISTORY,2026-03-15 17:49:55
COROMANDEL,2025-12-17 10:19:00,2280.6,2281.7,2280.5,2281.7,135,DHAN_HISTORY,2026-03-15 17:49:55
COROMANDEL,2025-12-17 10:20:00,2281.7,2283.4,2280.9,2281.4,566,DHAN_HISTORY,2026-03-15 17:49:55
COROMANDEL,2025-12-17 10:21:00,2281.4,2283.8,2280.5,2282.9,897,DHAN_HISTORY,2026-03-15 17:49:55
COROMANDEL,2025-12-17 10:22:00,2280.6,2282.6,2280.0,2280.1,815,DHAN_HISTORY,2026-03-15 17:49:55
COROMANDEL,2025-12-17 10:23:00,2281.6,2281.6,2280.2,2281.6,214,DHAN_HISTORY,2026-03-15 17:49:55
COROMANDEL,2025-12-17 10:24:00,2282.0,2282.6,2280.2,2281.1,297,DHAN_HISTORY,2026-03-15 17:49:55
COROMANDEL,2025-12-17 10:25:00,2282.2,2282.2,2277.2,2277.6,2306,DHAN_HISTORY,2026-03-15 17:49:55
COROMANDEL,2025-12-17 10:26:00,2279.1,2279.1,2277.1,2277.1,664,DHAN_HISTORY,2026-03-15 17:49:55
COROMANDEL,2025-12-17 10:27:00,2277.1,2278.9,2277.1,2278.9,295,DHAN_HISTORY,2026-03-15 17:49:55
COROMANDEL,2025-12-17 10:28:00,2277.5,2278.9,2275.0,2276.9,1045,DHAN_HISTORY,2026-03-15 17:49:55
COROMANDEL,2025-12-17 10:29:00,2275.2,2276.6,2275.0,2275.3,135,DHAN_HISTORY,2026-03-15 17:49:55
COROMANDEL,2025-12-17 10:30:00,2276.5,2276.5,2275.0,2276.5,145,DHAN_HISTORY,2026-03-15 17:49:55
COROMANDEL,2025-12-17 10:31:00,2276.5,2277.0,2275.5,2277.0,200,DHAN_HISTORY,2026-03-15 17:49:55
COROMANDEL,2025-12-17 10:32:00,2276.9,2277.0,2276.5,2277.0,768,DHAN_HISTORY,2026-03-15 17:49:55
COROMANDEL,2025-12-17 10:33:00,2275.0,2276.4,2275.0,2276.4,250,DHAN_HISTORY,2026-03-15 17:49:55
COROMANDEL,2025-12-17 10:34:00,2276.2,2276.2,2275.1,2276.2,117,DHAN_HISTORY,2026-03-15 17:49:55
COROMANDEL,2025-12-17 10:35:00,2275.2,2276.2,2270.7,2274.9,2570,DHAN_HISTORY,2026-03-15 17:49:55
COROMANDEL,2025-12-17 10:36:00,2274.3,2275.9,2273.7,2275.2,551,DHAN_HISTORY,2026-03-15 17:49:55
COROMANDEL,2025-12-17 10:37:00,2273.3,2274.8,2273.3,2273.5,167,DHAN_HISTORY,2026-03-15 17:49:55
COROMANDEL,2025-12-17 10:38:00,2273.3,2274.7,2273.3,2274.7,33,DHAN_HISTORY,2026-03-15 17:49:55
COROMANDEL,2025-12-17 10:39:00,2274.7,2274.8,2273.3,2273.3,180,DHAN_HISTORY,2026-03-15 17:49:55
COROMANDEL,2025-12-17 10:40:00,2273.0,2273.7,2272.1,2273.7,188,DHAN_HISTORY,2026-03-15 17:49:55
COROMANDEL,2025-12-17 10:41:00,2274.2,2274.2,2270.4,2271.8,360,DHAN_HISTORY,2026-03-15 17:49:55
COROMANDEL,2025-12-17 10:42:00,2271.8,2273.8,2271.8,2273.8,263,DHAN_HISTORY,2026-03-15 17:49:55
COROMANDEL,2025-12-17 10:43:00,2274.9,2275.3,2274.9,2275.3,80,DHAN_HISTORY,2026-03-15 17:49:55
COROMANDEL,2025-12-17 10:44:00,2272.8,2272.8,2271.1,2272.8,632,DHAN_HISTORY,2026-03-15 17:49:55
COROMANDEL,2025-12-17 10:45:00,2272.8,2272.8,2271.2,2272.3,109,DHAN_HISTORY,2026-03-15 17:49:55
COROMANDEL,2025-12-17 10:46:00,2272.0,2272.0,2271.0,2271.0,31,DHAN_HISTORY,2026-03-15 17:49:55
COROMANDEL,2025-12-17 10:47:00,2270.4,2271.9,2270.4,2270.4,1246,DHAN_HISTORY,2026-03-15 17:49:55
COROMANDEL,2025-12-17 10:48:00,2272.2,2272.2,2270.6,2272.1,213,DHAN_HISTORY,2026-03-15 17:49:55
COROMANDEL,2025-12-17 10:49:00,2272.1,2272.2,2270.3,2271.8,106,DHAN_HISTORY,2026-03-15 17:49:55
COROMANDEL,2025-12-17 10:50:00,2271.0,2272.0,2271.0,2271.0,198,DHAN_HISTORY,2026-03-15 17:49:55
COROMANDEL,2025-12-17 10:51:00,2271.9,2271.9,2270.0,2271.8,87,DHAN_HISTORY,2026-03-15 17:49:55
COROMANDEL,2025-12-17 10:52:00,2271.7,2271.9,2270.4,2271.9,213,DHAN_HISTORY,2026-03-15 17:49:55
COROMANDEL,2025-12-17 10:53:00,2272.0,2272.1,2270.6,2271.9,144,DHAN_HISTORY,2026-03-15 17:49:55
COROMANDEL,2025-12-17 10:54:00,2270.5,2273.6,2270.5,2273.3,770,DHAN_HISTORY,2026-03-15 17:49:55
COROMANDEL,2025-12-17 10:55:00,2273.7,2273.7,2271.4,2273.4,52,DHAN_HISTORY,2026-03-15 17:49:55
COROMANDEL,2025-12-17 10:56:00,2273.5,2273.5,2271.1,2272.9,194,DHAN_HISTORY,2026-03-15 17:49:55
COROMANDEL,2025-12-17 10:57:00,2272.8,2272.8,2270.5,2271.0,205,DHAN_HISTORY,2026-03-15 17:49:55
COROMANDEL,2025-12-17 10:58:00,2272.0,2272.0,2270.9,2271.0,463,DHAN_HISTORY,2026-03-15 17:49:55
COROMANDEL,2025-12-17 10:59:00,2271.0,2271.9,2271.0,2271.9,241,DHAN_HISTORY,2026-03-15 17:49:55
COROMANDEL,2025-12-17 11:00:00,2271.9,2275.8,2271.7,2275.8,256,DHAN_HISTORY,2026-03-15 17:49:55
COROMANDEL,2025-12-17 11:01:00,2275.2,2275.2,2272.8,2272.8,320,DHAN_HISTORY,2026-03-15 17:49:55
COROMANDEL,2025-12-17 11:02:00,2274.1,2279.9,2271.7,2277.2,1422,DHAN_HISTORY,2026-03-15 17:49:55
COROMANDEL,2025-12-17 11:03:00,2278.3,2278.3,2276.9,2277.6,87,DHAN_HISTORY,2026-03-15 17:49:55
COROMANDEL,2025-12-17 11:04:00,2277.3,2277.3,2277.3,2277.3,99,DHAN_HISTORY,2026-03-15 17:49:55
COROMANDEL,2025-12-17 11:05:00,2275.9,2277.4,2275.6,2276.9,449,DHAN_HISTORY,2026-03-15 17:49:55
COROMANDEL,2025-12-17 11:06:00,2276.8,2277.1,2272.7,2274.3,2030,DHAN_HISTORY,2026-03-15 17:49:55
COROMANDEL,2025-12-17 11:07:00,2274.3,2274.3,2274.0,2274.3,134,DHAN_HISTORY,2026-03-15 17:49:55
COROMANDEL,2025-12-17 11:08:00,2274.3,2274.3,2274.3,2274.3,45,DHAN_HISTORY,2026-03-15 17:49:55
COROMANDEL,2025-12-17 11:09:00,2274.3,2275.3,2274.3,2275.3,96,DHAN_HISTORY,2026-03-15 17:49:55
COROMANDEL,2025-12-17 11:10:00,2275.5,2275.7,2275.3,2275.7,226,DHAN_HISTORY,2026-03-15 17:49:55
COROMANDEL,2025-12-17 11:11:00,2276.2,2276.2,2276.2,2276.2,59,DHAN_HISTORY,2026-03-15 17:49:55
COROMANDEL,2025-12-17 11:12:00,2276.2,2277.8,2273.1,2274.6,2102,DHAN_HISTORY,2026-03-15 17:49:55
COROMANDEL,2025-12-17 11:13:00,2274.6,2274.6,2273.5,2273.5,146,DHAN_HISTORY,2026-03-15 17:49:55
COROMANDEL,2025-12-17 11:14:00,2273.5,2274.0,2273.5,2274.0,429,DHAN_HISTORY,2026-03-15 17:49:55
COROMANDEL,2025-12-17 11:15:00,2274.4,2277.6,2274.1,2275.2,463,DHAN_HISTORY,2026-03-15 17:49:55
COROMANDEL,2025-12-17 11:16:00,2275.2,2275.2,2273.8,2274.1,84,DHAN_HISTORY,2026-03-15 17:49:55
COROMANDEL,2025-12-17 11:17:00,2274.1,2275.0,2274.1,2275.0,124,DHAN_HISTORY,2026-03-15 17:49:55
COROMANDEL,2025-12-17 11:18:00,2273.5,2274.7,2272.6,2274.7,1877,DHAN_HISTORY,2026-03-15 17:49:55
COROMANDEL,2025-12-17 11:19:00,2274.7,2274.7,2273.5,2273.5,189,DHAN_HISTORY,2026-03-15 17:49:55
COROMANDEL,2025-12-17 11:20:00,2272.6,2274.1,2272.0,2274.1,1080,DHAN_HISTORY,2026-03-15 17:49:55
COROMANDEL,2025-12-17 11:21:00,2274.1,2274.1,2273.3,2273.3,12,DHAN_HISTORY,2026-03-15 17:49:55
COROMANDEL,2025-12-17 11:22:00,2274.1,2274.1,2273.7,2273.7,220,DHAN_HISTORY,2026-03-15 17:49:55
COROMANDEL,2025-12-17 11:23:00,2273.5,2273.5,2272.4,2272.9,273,DHAN_HISTORY,2026-03-15 17:49:55
COROMANDEL,2025-12-17 11:24:00,2273.5,2274.2,2273.5,2273.9,475,DHAN_HISTORY,2026-03-15 17:49:55
COROMANDEL,2025-12-17 11:25:00,2273.0,2273.9,2273.0,2273.9,6,DHAN_HISTORY,2026-03-15 17:49:55
COROMANDEL,2025-12-17 11:26:00,2273.9,2274.1,2271.7,2272.0,765,DHAN_HISTORY,2026-03-15 17:49:55
COROMANDEL,2025-12-17 11:27:00,2272.7,2273.5,2272.6,2273.5,76,DHAN_HISTORY,2026-03-15 17:49:55
COROMANDEL,2025-12-17 11:28:00,2272.3,2273.1,2271.7,2271.9,742,DHAN_HISTORY,2026-03-15 17:49:55
COROMANDEL,2025-12-17 11:29:00,2272.9,2273.1,2272.5,2273.1,580,DHAN_HISTORY,2026-03-15 17:49:55
COROMANDEL,2025-12-17 11:30:00,2273.4,2274.4,2273.4,2274.2,105,DHAN_HISTORY,2026-03-15 17:49:55
COROMANDEL,2025-12-17 11:31:00,2274.2,2274.2,2272.6,2273.8,246,DHAN_HISTORY,2026-03-15 17:49:55
COROMANDEL,2025-12-17 11:32:00,2273.4,2274.0,2272.6,2272.6,247,DHAN_HISTORY,2026-03-15 17:49:55
COROMANDEL,2025-12-17 11:33:00,2272.6,2272.6,2250.3,2251.5,6606,DHAN_HISTORY,2026-03-15 17:49:55
COROMANDEL,2025-12-17 11:34:00,2252.2,2252.2,2247.2,2250.0,2421,DHAN_HISTORY,2026-03-15 17:49:55
COROMANDEL,2025-12-17 11:35:00,2251.0,2258.9,2250.1,2256.8,1161,DHAN_HISTORY,2026-03-15 17:49:55
COROMANDEL,2025-12-17 11:36:00,2257.1,2260.0,2255.3,2260.0,1566,DHAN_HISTORY,2026-03-15 17:49:55
COROMANDEL,2025-12-17 11:37:00,2260.0,2262.0,2260.0,2261.4,1132,DHAN_HISTORY,2026-03-15 17:49:55
COROMANDEL,2025-12-17 11:38:00,2261.2,2261.2,2258.1,2258.9,1396,DHAN_HISTORY,2026-03-15 17:49:55
COROMANDEL,2025-12-17 11:39:00,2258.6,2262.1,2257.8,2262.1,963,DHAN_HISTORY,2026-03-15 17:49:55
COROMANDEL,2025-12-17 11:40:00,2262.8,2268.2,2262.8,2266.0,1060,DHAN_HISTORY,2026-03-15 17:49:55
COROMANDEL,2025-12-17 11:41:00,2267.0,2270.4,2265.2,2269.6,2991,DHAN_HISTORY,2026-03-15 17:49:55
COROMANDEL,2025-12-17 11:42:00,2270.0,2272.7,2270.0,2271.2,458,DHAN_HISTORY,2026-03-15 17:49:55
COROMANDEL,2025-12-17 11:43:00,2271.0,2271.0,2264.4,2264.4,1841,DHAN_HISTORY,2026-03-15 17:49:55
COROMANDEL,2025-12-17 11:44:00,2265.8,2266.0,2263.2,2265.5,535,DHAN_HISTORY,2026-03-15 17:49:55
COROMANDEL,2025-12-17 11:45:00,2265.3,2265.3,2263.2,2263.8,144,DHAN_HISTORY,2026-03-15 17:49:55
COROMANDEL,2025-12-17 11:46:00,2263.2,2263.2,2261.0,2262.5,701,DHAN_HISTORY,2026-03-15 17:49:55
COROMANDEL,2025-12-17 11:47:00,2262.9,2263.4,2260.0,2260.6,1990,DHAN_HISTORY,2026-03-15 17:49:55
COROMANDEL,2025-12-17 11:48:00,2260.1,2260.3,2259.0,2260.3,264,DHAN_HISTORY,2026-03-15 17:49:55
COROMANDEL,2025-12-17 11:49:00,2261.5,2261.5,2261.3,2261.5,215,DHAN_HISTORY,2026-03-15 17:49:55
COROMANDEL,2025-12-17 11:50:00,2261.2,2261.2,2260.0,2261.1,185,DHAN_HISTORY,2026-03-15 17:49:55
COROMANDEL,2025-12-17 11:51:00,2261.1,2261.1,2258.9,2258.9,547,DHAN_HISTORY,2026-03-15 17:49:55
COROMANDEL,2025-12-17 11:52:00,2258.9,2258.9,2257.6,2258.0,262,DHAN_HISTORY,2026-03-15 17:49:55
COROMANDEL,2025-12-17 11:53:00,2258.9,2258.9,2257.6,2258.7,464,DHAN_HISTORY,2026-03-15 17:49:55
COROMANDEL,2025-12-17 11:54:00,2256.6,2259.4,2256.6,2259.4,562,DHAN_HISTORY,2026-03-15 17:49:55
COROMANDEL,2025-12-17 11:55:00,2259.2,2259.2,2257.0,2257.0,175,DHAN_HISTORY,2026-03-15 17:49:55
COROMANDEL,2025-12-17 11:56:00,2257.0,2259.4,2257.0,2257.8,332,DHAN_HISTORY,2026-03-15 17:49:55
COROMANDEL,2025-12-17 11:57:00,2258.3,2259.1,2258.3,2258.3,42,DHAN_HISTORY,2026-03-15 17:49:55
COROMANDEL,2025-12-17 11:58:00,2258.6,2259.4,2256.2,2257.9,1105,DHAN_HISTORY,2026-03-15 17:49:55
COROMANDEL,2025-12-17 11:59:00,2258.1,2259.0,2258.1,2258.4,38,DHAN_HISTORY,2026-03-15 17:49:55
COROMANDEL,2025-12-17 12:00:00,2258.4,2258.4,2256.1,2257.3,163,DHAN_HISTORY,2026-03-15 17:49:55
COROMANDEL,2025-12-17 12:01:00,2257.2,2257.3,2257.2,2257.3,204,DHAN_HISTORY,2026-03-15 17:49:55
COROMANDEL,2025-12-17 12:02:00,2257.3,2257.3,2256.0,2256.7,191,DHAN_HISTORY,2026-03-15 17:49:55
COROMANDEL,2025-12-17 12:03:00,2256.7,2256.7,2255.0,2256.1,290,DHAN_HISTORY,2026-03-15 17:49:55
COROMANDEL,2025-12-17 12:04:00,2254.0,2255.3,2252.1,2254.4,468,DHAN_HISTORY,2026-03-15 17:49:55
COROMANDEL,2025-12-17 12:05:00,2252.6,2256.4,2252.5,2256.1,582,DHAN_HISTORY,2026-03-15 17:49:55
COROMANDEL,2025-12-17 12:06:00,2256.1,2256.1,2254.4,2255.6,142,DHAN_HISTORY,2026-03-15 17:49:55
COROMANDEL,2025-12-17 12:07:00,2254.2,2257.0,2253.2,2254.9,876,DHAN_HISTORY,2026-03-15 17:49:55
COROMANDEL,2025-12-17 12:08:00,2254.9,2256.9,2254.9,2256.2,570,DHAN_HISTORY,2026-03-15 17:49:55
COROMANDEL,2025-12-17 12:09:00,2256.0,2257.0,2253.5,2257.0,716,DHAN_HISTORY,2026-03-15 17:49:55
COROMANDEL,2025-12-17 12:10:00,2254.7,2256.2,2252.8,2254.5,364,DHAN_HISTORY,2026-03-15 17:49:55
COROMANDEL,2025-12-17 12:11:00,2254.3,2254.7,2253.0,2254.4,214,DHAN_HISTORY,2026-03-15 17:49:55
COROMANDEL,2025-12-17 12:12:00,2253.0,2254.8,2252.3,2254.3,163,DHAN_HISTORY,2026-03-15 17:49:55
COROMANDEL,2025-12-17 12:13:00,2255.1,2256.1,2254.3,2255.9,464,DHAN_HISTORY,2026-03-15 17:49:55
COROMANDEL,2025-12-17 12:14:00,2255.9,2257.7,2255.9,2257.0,684,DHAN_HISTORY,2026-03-15 17:49:55
COROMANDEL,2025-12-17 12:15:00,2257.0,2257.0,2254.8,2254.8,482,DHAN_HISTORY,2026-03-15 17:49:55
COROMANDEL,2025-12-17 12:16:00,2256.1,2256.1,2254.3,2254.3,151,DHAN_HISTORY,2026-03-15 17:49:55
COROMANDEL,2025-12-17 12:17:00,2255.9,2257.0,2255.0,2255.0,404,DHAN_HISTORY,2026-03-15 17:49:55
COROMANDEL,2025-12-17 12:18:00,2256.7,2256.7,2256.0,2256.0,113,DHAN_HISTORY,2026-03-15 17:49:55
COROMANDEL,2025-12-17 12:19:00,2256.1,2256.1,2254.3,2254.3,203,DHAN_HISTORY,2026-03-15 17:49:55
COROMANDEL,2025-12-17 12:20:00,2255.6,2255.6,2254.5,2255.6,9,DHAN_HISTORY,2026-03-15 17:49:55
COROMANDEL,2025-12-17 12:21:00,2255.6,2255.6,2254.3,2254.9,406,DHAN_HISTORY,2026-03-15 17:49:55
COROMANDEL,2025-12-17 12:22:00,2255.0,2255.4,2253.9,2255.0,421,DHAN_HISTORY,2026-03-15 17:49:55
COROMANDEL,2025-12-17 12:23:00,2255.3,2255.3,2254.0,2254.8,123,DHAN_HISTORY,2026-03-15 17:49:55
COROMANDEL,2025-12-17 12:24:00,2254.8,2254.8,2252.1,2253.5,189,DHAN_HISTORY,2026-03-15 17:49:55
COROMANDEL,2025-12-17 12:25:00,2253.5,2253.6,2252.1,2253.6,809,DHAN_HISTORY,2026-03-15 17:49:55
COROMANDEL,2025-12-17 12:26:00,2253.0,2254.1,2252.2,2254.1,133,DHAN_HISTORY,2026-03-15 17:49:55
COROMANDEL,2025-12-17 12:27:00,2254.1,2254.1,2251.8,2253.4,468,DHAN_HISTORY,2026-03-15 17:49:55
COROMANDEL,2025-12-17 12:28:00,2251.8,2254.3,2251.8,2254.3,220,DHAN_HISTORY,2026-03-15 17:49:55
COROMANDEL,2025-12-17 12:29:00,2254.9,2254.9,2253.1,2253.6,216,DHAN_HISTORY,2026-03-15 17:49:55
COROMANDEL,2025-12-17 12:30:00,2251.6,2253.5,2251.6,2253.5,248,DHAN_HISTORY,2026-03-15 17:49:55
COROMANDEL,2025-12-17 12:31:00,2251.8,2253.3,2251.8,2253.3,71,DHAN_HISTORY,2026-03-15 17:49:55
COROMANDEL,2025-12-17 12:32:00,2253.6,2253.6,2253.6,2253.6,454,DHAN_HISTORY,2026-03-15 17:49:55
COROMANDEL,2025-12-17 12:33:00,2253.6,2253.7,2251.8,2253.6,272,DHAN_HISTORY,2026-03-15 17:49:55
COROMANDEL,2025-12-17 12:34:00,2253.7,2254.6,2252.2,2254.1,267,DHAN_HISTORY,2026-03-15 17:49:55
COROMANDEL,2025-12-17 12:35:00,2254.1,2255.2,2252.2,2254.8,408,DHAN_HISTORY,2026-03-15 17:49:55
COROMANDEL,2025-12-17 12:36:00,2252.5,2253.9,2252.2,2253.7,183,DHAN_HISTORY,2026-03-15 17:49:55
COROMANDEL,2025-12-17 12:37:00,2253.8,2254.1,2252.5,2254.1,167,DHAN_HISTORY,2026-03-15 17:49:55
COROMANDEL,2025-12-17 12:38:00,2254.2,2254.2,2252.6,2254.0,182,DHAN_HISTORY,2026-03-15 17:49:55
COROMANDEL,2025-12-17 12:39:00,2254.0,2254.0,2252.6,2252.6,56,DHAN_HISTORY,2026-03-15 17:49:55
COROMANDEL,2025-12-17 12:40:00,2252.6,2255.4,2252.6,2253.3,623,DHAN_HISTORY,2026-03-15 17:49:55
COROMANDEL,2025-12-17 12:41:00,2254.7,2255.4,2252.8,2254.4,157,DHAN_HISTORY,2026-03-15 17:49:55
COROMANDEL,2025-12-17 12:42:00,2254.3,2254.3,2252.8,2254.1,101,DHAN_HISTORY,2026-03-15 17:49:55
COROMANDEL,2025-12-17 12:43:00,2254.1,2254.1,2252.8,2254.0,262,DHAN_HISTORY,2026-03-15 17:49:55
COROMANDEL,2025-12-17 12:44:00,2253.9,2253.9,2253.8,2253.8,50,DHAN_HISTORY,2026-03-15 17:49:55
COROMANDEL,2025-12-17 12:45:00,2253.8,2254.0,2253.8,2254.0,396,DHAN_HISTORY,2026-03-15 17:49:55
COROMANDEL,2025-12-17 12:46:00,2254.1,2254.1,2252.8,2253.9,309,DHAN_HISTORY,2026-03-15 17:49:55
COROMANDEL,2025-12-17 12:47:00,2253.9,2254.0,2251.2,2252.2,637,DHAN_HISTORY,2026-03-15 17:49:55
COROMANDEL,2025-12-17 12:48:00,2253.6,2253.6,2252.0,2253.2,359,DHAN_HISTORY,2026-03-15 17:49:55
COROMANDEL,2025-12-17 12:49:00,2252.0,2253.5,2251.3,2253.5,224,DHAN_HISTORY,2026-03-15 17:49:55
COROMANDEL,2025-12-17 12:50:00,2254.5,2254.5,2252.7,2252.7,323,DHAN_HISTORY,2026-03-15 17:49:55
COROMANDEL,2025-12-17 12:51:00,2254.3,2256.4,2253.6,2256.4,442,DHAN_HISTORY,2026-03-15 17:49:55
COROMANDEL,2025-12-17 12:52:00,2257.2,2257.2,2252.2,2252.2,279,DHAN_HISTORY,2026-03-15 17:49:55
COROMANDEL,2025-12-17 12:53:00,2254.3,2255.8,2253.6,2255.0,335,DHAN_HISTORY,2026-03-15 17:49:55
COROMANDEL,2025-12-17 12:54:00,2253.0,2254.2,2252.0,2253.3,561,DHAN_HISTORY,2026-03-15 17:49:55
COROMANDEL,2025-12-17 12:55:00,2253.3,2253.3,2252.2,2252.8,93,DHAN_HISTORY,2026-03-15 17:49:55
COROMANDEL,2025-12-17 12:56:00,2252.6,2252.6,2250.7,2252.0,183,DHAN_HISTORY,2026-03-15 17:49:55
COROMANDEL,2025-12-17 12:57:00,2252.0,2252.8,2250.5,2252.5,415,DHAN_HISTORY,2026-03-15 17:49:55
COROMANDEL,2025-12-17 12:58:00,2251.8,2251.8,2251.4,2251.4,332,DHAN_HISTORY,2026-03-15 17:49:55
COROMANDEL,2025-12-17 12:59:00,2251.4,2251.5,2250.0,2251.0,688,DHAN_HISTORY,2026-03-15 17:49:55
COROMANDEL,2025-12-17 13:00:00,2250.5,2251.0,2247.0,2247.0,1688,DHAN_HISTORY,2026-03-15 17:49:55
COROMANDEL,2025-12-17 13:01:00,2245.1,2247.1,2245.0,2246.5,1421,DHAN_HISTORY,2026-03-15 17:49:55
COROMANDEL,2025-12-17 13:02:00,2246.5,2246.5,2246.0,2246.5,63,DHAN_HISTORY,2026-03-15 17:49:55
COROMANDEL,2025-12-17 13:03:00,2246.5,2248.0,2245.5,2248.0,469,DHAN_HISTORY,2026-03-15 17:49:55
COROMANDEL,2025-12-17 13:04:00,2246.1,2247.7,2246.1,2247.1,7,DHAN_HISTORY,2026-03-15 17:49:55
COROMANDEL,2025-12-17 13:05:00,2247.1,2247.4,2245.7,2246.9,233,DHAN_HISTORY,2026-03-15 17:49:55
COROMANDEL,2025-12-17 13:06:00,2247.1,2247.6,2245.2,2245.2,298,DHAN_HISTORY,2026-03-15 17:49:55
COROMANDEL,2025-12-17 13:07:00,2246.3,2246.7,2245.1,2245.1,345,DHAN_HISTORY,2026-03-15 17:49:55
COROMANDEL,2025-12-17 13:08:00,2244.2,2245.1,2243.0,2244.9,1116,DHAN_HISTORY,2026-03-15 17:49:55
COROMANDEL,2025-12-17 13:09:00,2244.8,2244.9,2244.4,2244.9,81,DHAN_HISTORY,2026-03-15 17:49:55
COROMANDEL,2025-12-17 13:10:00,2243.4,2244.9,2242.2,2244.9,1082,DHAN_HISTORY,2026-03-15 17:49:55
COROMANDEL,2025-12-17 13:11:00,2244.9,2247.9,2244.9,2246.5,939,DHAN_HISTORY,2026-03-15 17:49:55
COROMANDEL,2025-12-17 13:12:00,2247.6,2247.6,2245.8,2247.1,108,DHAN_HISTORY,2026-03-15 17:49:55
COROMANDEL,2025-12-17 13:13:00,2246.9,2246.9,2246.0,2246.7,99,DHAN_HISTORY,2026-03-15 17:49:55
COROMANDEL,2025-12-17 13:14:00,2246.0,2246.3,2244.4,2244.8,921,DHAN_HISTORY,2026-03-15 17:49:55
COROMANDEL,2025-12-17 13:15:00,2246.1,2246.1,2245.0,2245.0,173,DHAN_HISTORY,2026-03-15 17:49:55
COROMANDEL,2025-12-17 13:16:00,2245.9,2250.9,2245.1,2249.5,1445,DHAN_HISTORY,2026-03-15 17:49:55
COROMANDEL,2025-12-17 13:17:00,2251.0,2251.3,2250.8,2250.8,235,DHAN_HISTORY,2026-03-15 17:49:55
COROMANDEL,2025-12-17 13:18:00,2248.4,2253.0,2248.4,2252.8,693,DHAN_HISTORY,2026-03-15 17:49:55
COROMANDEL,2025-12-17 13:19:00,2251.1,2257.7,2251.1,2253.1,2275,DHAN_HISTORY,2026-03-15 17:49:55
COROMANDEL,2025-12-17 13:20:00,2256.1,2257.0,2253.6,2255.5,1043,DHAN_HISTORY,2026-03-15 17:49:55
COROMANDEL,2025-12-17 13:21:00,2256.1,2258.2,2254.4,2257.4,852,DHAN_HISTORY,2026-03-15 17:49:55
COROMANDEL,2025-12-17 13:22:00,2258.2,2260.5,2257.3,2260.0,1489,DHAN_HISTORY,2026-03-15 17:49:55
COROMANDEL,2025-12-17 13:23:00,2259.2,2259.3,2257.4,2258.8,506,DHAN_HISTORY,2026-03-15 17:49:55
COROMANDEL,2025-12-17 13:24:00,2258.9,2258.9,2257.4,2257.4,341,DHAN_HISTORY,2026-03-15 17:49:55
COROMANDEL,2025-12-17 13:25:00,2257.8,2258.4,2257.4,2258.4,777,DHAN_HISTORY,2026-03-15 17:49:55
COROMANDEL,2025-12-17 13:26:00,2257.4,2259.9,2256.6,2259.3,501,DHAN_HISTORY,2026-03-15 17:49:55
COROMANDEL,2025-12-17 13:27:00,2259.3,2260.2,2257.4,2260.0,429,DHAN_HISTORY,2026-03-15 17:49:55
COROMANDEL,2025-12-17 13:28:00,2260.2,2260.3,2260.0,2260.3,80,DHAN_HISTORY,2026-03-15 17:49:55
COROMANDEL,2025-12-17 13:29:00,2260.3,2261.3,2260.0,2261.3,437,DHAN_HISTORY,2026-03-15 17:49:55
COROMANDEL,2025-12-17 13:30:00,2261.3,2263.8,2261.0,2262.6,855,DHAN_HISTORY,2026-03-15 17:49:55
COROMANDEL,2025-12-17 13:31:00,2262.2,2262.2,2261.0,2262.2,81,DHAN_HISTORY,2026-03-15 17:49:55
COROMANDEL,2025-12-17 13:32:00,2262.2,2262.2,2259.4,2259.9,214,DHAN_HISTORY,2026-03-15 17:49:55
COROMANDEL,2025-12-17 13:33:00,2262.7,2262.7,2260.6,2262.2,852,DHAN_HISTORY,2026-03-15 17:49:55
COROMANDEL,2025-12-17 13:34:00,2262.0,2262.2,2260.7,2260.8,171,DHAN_HISTORY,2026-03-15 17:49:55
COROMANDEL,2025-12-17 13:35:00,2261.4,2261.4,2259.8,2260.0,379,DHAN_HISTORY,2026-03-15 17:49:55
COROMANDEL,2025-12-17 13:36:00,2260.5,2260.5,2258.7,2260.0,326,DHAN_HISTORY,2026-03-15 17:49:55
COROMANDEL,2025-12-17 13:37:00,2260.0,2260.3,2257.0,2258.8,541,DHAN_HISTORY,2026-03-15 17:49:55
COROMANDEL,2025-12-17 13:38:00,2259.3,2260.8,2259.0,2259.0,348,DHAN_HISTORY,2026-03-15 17:49:55
COROMANDEL,2025-12-17 13:39:00,2259.6,2259.6,2257.8,2257.8,143,DHAN_HISTORY,2026-03-15 17:49:55
COROMANDEL,2025-12-17 13:40:00,2257.3,2258.8,2257.2,2258.3,161,DHAN_HISTORY,2026-03-15 17:49:55
COROMANDEL,2025-12-17 13:41:00,2258.8,2260.9,2258.7,2260.1,338,DHAN_HISTORY,2026-03-15 17:49:55
COROMANDEL,2025-12-17 13:42:00,2259.2,2259.8,2257.2,2258.3,157,DHAN_HISTORY,2026-03-15 17:49:55
COROMANDEL,2025-12-17 13:43:00,2258.9,2259.0,2256.7,2257.7,301,DHAN_HISTORY,2026-03-15 17:49:55
COROMANDEL,2025-12-17 13:44:00,2258.3,2258.3,2256.0,2257.7,456,DHAN_HISTORY,2026-03-15 17:49:55
COROMANDEL,2025-12-17 13:45:00,2257.4,2258.7,2257.4,2258.7,654,DHAN_HISTORY,2026-03-15 17:49:55
COROMANDEL,2025-12-17 13:46:00,2258.5,2259.4,2258.5,2258.9,378,DHAN_HISTORY,2026-03-15 17:49:55
COROMANDEL,2025-12-17 13:47:00,2257.6,2259.1,2257.6,2259.1,187,DHAN_HISTORY,2026-03-15 17:49:55
COROMANDEL,2025-12-17 13:48:00,2258.0,2260.5,2258.0,2260.5,725,DHAN_HISTORY,2026-03-15 17:49:55
COROMANDEL,2025-12-17 13:49:00,2260.0,2260.0,2257.2,2259.1,297,DHAN_HISTORY,2026-03-15 17:49:55
COROMANDEL,2025-12-17 13:50:00,2257.3,2259.0,2257.3,2258.6,236,DHAN_HISTORY,2026-03-15 17:49:55
COROMANDEL,2025-12-17 13:51:00,2257.0,2259.4,2257.0,2259.4,417,DHAN_HISTORY,2026-03-15 17:49:55
COROMANDEL,2025-12-17 13:52:00,2259.0,2260.5,2258.4,2260.5,118,DHAN_HISTORY,2026-03-15 17:49:55
COROMANDEL,2025-12-17 13:53:00,2258.2,2261.1,2258.1,2261.1,538,DHAN_HISTORY,2026-03-15 17:49:55
COROMANDEL,2025-12-17 13:54:00,2259.6,2261.0,2259.0,2260.0,157,DHAN_HISTORY,2026-03-15 17:49:55
COROMANDEL,2025-12-17 13:55:00,2260.8,2260.8,2259.7,2259.9,40,DHAN_HISTORY,2026-03-15 17:49:55
COROMANDEL,2025-12-17 13:56:00,2259.8,2259.9,2259.0,2259.7,252,DHAN_HISTORY,2026-03-15 17:49:55
COROMANDEL,2025-12-17 13:57:00,2259.9,2259.9,2259.4,2259.6,155,DHAN_HISTORY,2026-03-15 17:49:55
COROMANDEL,2025-12-17 13:58:00,2259.7,2260.7,2259.6,2260.4,1009,DHAN_HISTORY,2026-03-15 17:49:55
COROMANDEL,2025-12-17 13:59:00,2260.0,2260.2,2259.5,2260.1,310,DHAN_HISTORY,2026-03-15 17:49:55
COROMANDEL,2025-12-17 14:00:00,2260.5,2260.9,2260.0,2260.0,207,DHAN_HISTORY,2026-03-15 17:49:55
COROMANDEL,2025-12-17 14:01:00,2260.6,2260.6,2259.0,2260.4,172,DHAN_HISTORY,2026-03-15 17:49:55
COROMANDEL,2025-12-17 14:02:00,2260.4,2260.4,2258.8,2258.8,674,DHAN_HISTORY,2026-03-15 17:49:55
COROMANDEL,2025-12-17 14:03:00,2257.4,2258.8,2257.4,2258.7,967,DHAN_HISTORY,2026-03-15 17:49:55
COROMANDEL,2025-12-17 14:04:00,2258.8,2259.2,2258.8,2259.2,164,DHAN_HISTORY,2026-03-15 17:49:55
COROMANDEL,2025-12-17 14:05:00,2259.9,2260.5,2258.6,2260.0,330,DHAN_HISTORY,2026-03-15 17:49:55
COROMANDEL,2025-12-17 14:06:00,2260.0,2262.0,2259.2,2259.2,644,DHAN_HISTORY,2026-03-15 17:49:55
COROMANDEL,2025-12-17 14:07:00,2259.4,2261.6,2258.8,2258.8,467,DHAN_HISTORY,2026-03-15 17:49:55
COROMANDEL,2025-12-17 14:08:00,2260.3,2260.3,2259.0,2260.3,99,DHAN_HISTORY,2026-03-15 17:49:55
COROMANDEL,2025-12-17 14:09:00,2258.8,2259.4,2258.8,2259.4,299,DHAN_HISTORY,2026-03-15 17:49:55
COROMANDEL,2025-12-17 14:10:00,2259.9,2259.9,2258.0,2259.2,171,DHAN_HISTORY,2026-03-15 17:49:55
COROMANDEL,2025-12-17 14:11:00,2258.0,2259.1,2258.0,2259.1,149,DHAN_HISTORY,2026-03-15 17:49:55
COROMANDEL,2025-12-17 14:12:00,2259.1,2259.6,2258.0,2259.6,518,DHAN_HISTORY,2026-03-15 17:49:55
COROMANDEL,2025-12-17 14:13:00,2259.5,2260.0,2258.6,2260.0,113,DHAN_HISTORY,2026-03-15 17:49:55
COROMANDEL,2025-12-17 14:14:00,2260.0,2261.7,2256.6,2261.7,1264,DHAN_HISTORY,2026-03-15 17:49:55
COROMANDEL,2025-12-17 14:15:00,2259.4,2261.6,2259.4,2260.0,1021,DHAN_HISTORY,2026-03-15 17:49:55
COROMANDEL,2025-12-17 14:16:00,2260.0,2263.2,2260.0,2262.3,831,DHAN_HISTORY,2026-03-15 17:49:55
COROMANDEL,2025-12-17 14:17:00,2262.2,2262.2,2260.0,2261.4,576,DHAN_HISTORY,2026-03-15 17:49:55
COROMANDEL,2025-12-17 14:18:00,2261.9,2262.9,2260.0,2261.5,1101,DHAN_HISTORY,2026-03-15 17:49:55
COROMANDEL,2025-12-17 14:19:00,2262.5,2262.5,2260.3,2261.0,276,DHAN_HISTORY,2026-03-15 17:49:55
COROMANDEL,2025-12-17 14:20:00,2261.0,2262.3,2260.0,2262.3,359,DHAN_HISTORY,2026-03-15 17:49:55
COROMANDEL,2025-12-17 14:21:00,2262.3,2262.3,2261.8,2261.9,74,DHAN_HISTORY,2026-03-15 17:49:55
COROMANDEL,2025-12-17 14:22:00,2261.8,2262.5,2259.9,2260.0,873,DHAN_HISTORY,2026-03-15 17:49:55
COROMANDEL,2025-12-17 14:23:00,2261.8,2261.8,2260.0,2260.0,369,DHAN_HISTORY,2026-03-15 17:49:55
COROMANDEL,2025-12-17 14:24:00,2260.0,2260.6,2258.2,2259.8,496,DHAN_HISTORY,2026-03-15 17:49:55
COROMANDEL,2025-12-17 14:25:00,2259.1,2260.5,2257.7,2259.0,344,DHAN_HISTORY,2026-03-15 17:49:55
COROMANDEL,2025-12-17 14:26:00,2259.6,2259.6,2259.1,2259.5,121,DHAN_HISTORY,2026-03-15 17:49:55
COROMANDEL,2025-12-17 14:27:00,2259.5,2259.6,2258.8,2259.5,284,DHAN_HISTORY,2026-03-15 17:49:55
COROMANDEL,2025-12-17 14:28:00,2259.5,2260.1,2258.5,2259.7,401,DHAN_HISTORY,2026-03-15 17:49:55
COROMANDEL,2025-12-17 14:29:00,2259.7,2259.7,2257.2,2258.5,3617,DHAN_HISTORY,2026-03-15 17:49:55
COROMANDEL,2025-12-17 14:30:00,2259.3,2259.3,2257.9,2259.0,666,DHAN_HISTORY,2026-03-15 17:49:55
COROMANDEL,2025-12-17 14:31:00,2259.2,2261.1,2255.8,2258.3,1969,DHAN_HISTORY,2026-03-15 17:49:55
COROMANDEL,2025-12-17 14:32:00,2258.5,2259.7,2257.4,2258.6,652,DHAN_HISTORY,2026-03-15 17:49:55
COROMANDEL,2025-12-17 14:33:00,2258.6,2259.7,2258.5,2259.7,614,DHAN_HISTORY,2026-03-15 17:49:55
COROMANDEL,2025-12-17 14:34:00,2259.4,2260.3,2258.7,2260.3,449,DHAN_HISTORY,2026-03-15 17:49:55
COROMANDEL,2025-12-17 14:35:00,2258.8,2260.0,2258.8,2259.9,254,DHAN_HISTORY,2026-03-15 17:49:55
COROMANDEL,2025-12-17 14:36:00,2259.9,2260.4,2258.2,2260.1,505,DHAN_HISTORY,2026-03-15 17:49:55
COROMANDEL,2025-12-17 14:37:00,2260.4,2260.9,2257.3,2259.7,659,DHAN_HISTORY,2026-03-15 17:49:55
COROMANDEL,2025-12-17 14:38:00,2258.6,2258.6,2255.7,2258.1,467,DHAN_HISTORY,2026-03-15 17:49:55
COROMANDEL,2025-12-17 14:39:00,2258.1,2258.1,2255.1,2255.1,498,DHAN_HISTORY,2026-03-15 17:49:55
COROMANDEL,2025-12-17 14:40:00,2256.7,2257.9,2253.7,2253.7,1062,DHAN_HISTORY,2026-03-15 17:49:55
COROMANDEL,2025-12-17 14:41:00,2253.5,2256.4,2253.5,2256.4,404,DHAN_HISTORY,2026-03-15 17:49:55
COROMANDEL,2025-12-17 14:42:00,2256.5,2258.0,2256.5,2256.8,764,DHAN_HISTORY,2026-03-15 17:49:55
COROMANDEL,2025-12-17 14:43:00,2256.9,2256.9,2255.9,2255.9,740,DHAN_HISTORY,2026-03-15 17:49:55
COROMANDEL,2025-12-17 14:44:00,2255.9,2258.0,2255.8,2257.8,1532,DHAN_HISTORY,2026-03-15 17:49:55
COROMANDEL,2025-12-17 14:45:00,2257.8,2257.8,2254.9,2257.6,948,DHAN_HISTORY,2026-03-15 17:49:55
COROMANDEL,2025-12-17 14:46:00,2257.5,2257.5,2254.4,2256.1,853,DHAN_HISTORY,2026-03-15 17:49:55
COROMANDEL,2025-12-17 14:47:00,2256.5,2257.8,2255.7,2257.2,1030,DHAN_HISTORY,2026-03-15 17:49:55
COROMANDEL,2025-12-17 14:48:00,2257.2,2257.9,2256.7,2257.4,909,DHAN_HISTORY,2026-03-15 17:49:55
COROMANDEL,2025-12-17 14:49:00,2257.7,2257.9,2256.0,2257.9,858,DHAN_HISTORY,2026-03-15 17:49:55
COROMANDEL,2025-12-17 14:50:00,2257.9,2262.8,2257.9,2260.7,1470,DHAN_HISTORY,2026-03-15 17:49:55
COROMANDEL,2025-12-17 14:51:00,2261.6,2261.6,2260.0,2260.7,1740,DHAN_HISTORY,2026-03-15 17:49:55
COROMANDEL,2025-12-17 14:52:00,2261.0,2261.9,2260.0,2261.9,456,DHAN_HISTORY,2026-03-15 17:49:55
COROMANDEL,2025-12-17 14:53:00,2260.8,2261.9,2260.0,2260.0,2014,DHAN_HISTORY,2026-03-15 17:49:55
COROMANDEL,2025-12-17 14:54:00,2260.3,2260.7,2259.8,2260.3,3993,DHAN_HISTORY,2026-03-15 17:49:55
COROMANDEL,2025-12-17 14:55:00,2260.0,2261.0,2259.8,2260.8,1833,DHAN_HISTORY,2026-03-15 17:49:55
COROMANDEL,2025-12-17 14:56:00,2260.8,2260.8,2259.8,2260.0,2007,DHAN_HISTORY,2026-03-15 17:49:55
COROMANDEL,2025-12-17 14:57:00,2260.0,2260.3,2259.6,2260.0,1221,DHAN_HISTORY,2026-03-15 17:49:55
COROMANDEL,2025-12-17 14:58:00,2260.0,2261.8,2259.2,2260.2,2274,DHAN_HISTORY,2026-03-15 17:49:55
COROMANDEL,2025-12-17 14:59:00,2261.5,2261.5,2259.8,2260.0,1390,DHAN_HISTORY,2026-03-15 17:49:55
COROMANDEL,2025-12-17 15:00:00,2265.2,2265.2,2260.0,2260.6,5611,DHAN_HISTORY,2026-03-15 17:49:55
COROMANDEL,2025-12-17 15:01:00,2260.6,2262.2,2260.0,2262.0,2173,DHAN_HISTORY,2026-03-15 17:49:55
COROMANDEL,2025-12-17 15:02:00,2263.3,2267.0,2262.0,2263.7,3529,DHAN_HISTORY,2026-03-15 17:49:55
COROMANDEL,2025-12-17 15:03:00,2264.9,2264.9,2261.7,2262.5,2429,DHAN_HISTORY,2026-03-15 17:49:55
COROMANDEL,2025-12-17 15:04:00,2264.0,2266.3,2262.6,2263.6,2264,DHAN_HISTORY,2026-03-15 17:49:55
COROMANDEL,2025-12-17 15:05:00,2263.6,2263.6,2260.0,2260.7,2155,DHAN_HISTORY,2026-03-15 17:49:55
COROMANDEL,2025-12-17 15:06:00,2261.6,2262.1,2260.0,2261.2,3476,DHAN_HISTORY,2026-03-15 17:49:55
COROMANDEL,2025-12-17 15:07:00,2261.7,2263.4,2260.0,2263.4,2736,DHAN_HISTORY,2026-03-15 17:49:55
COROMANDEL,2025-12-17 15:08:00,2263.2,2263.5,2260.0,2260.9,2303,DHAN_HISTORY,2026-03-15 17:49:55
COROMANDEL,2025-12-17 15:09:00,2260.9,2263.7,2260.0,2262.5,2273,DHAN_HISTORY,2026-03-15 17:49:55
COROMANDEL,2025-12-17 15:10:00,2263.1,2263.4,2261.0,2261.5,2477,DHAN_HISTORY,2026-03-15 17:49:55
COROMANDEL,2025-12-17 15:11:00,2261.4,2262.3,2260.0,2260.4,1750,DHAN_HISTORY,2026-03-15 17:49:55
COROMANDEL,2025-12-17 15:12:00,2261.4,2261.6,2260.0,2260.0,1867,DHAN_HISTORY,2026-03-15 17:49:55
COROMANDEL,2025-12-17 15:13:00,2260.2,2261.2,2260.0,2260.6,2228,DHAN_HISTORY,2026-03-15 17:49:55
COROMANDEL,2025-12-17 15:14:00,2260.2,2261.7,2260.0,2260.0,2707,DHAN_HISTORY,2026-03-15 17:49:55
COROMANDEL,2025-12-17 15:15:00,2260.0,2260.9,2260.0,2260.1,1216,DHAN_HISTORY,2026-03-15 17:49:55
COROMANDEL,2025-12-17 15:16:00,2260.1,2260.1,2259.9,2260.0,3142,DHAN_HISTORY,2026-03-15 17:49:55
COROMANDEL,2025-12-17 15:17:00,2260.1,2263.1,2260.0,2261.2,3348,DHAN_HISTORY,2026-03-15 17:49:55
COROMANDEL,2025-12-17 15:18:00,2262.8,2263.8,2259.7,2260.0,3022,DHAN_HISTORY,2026-03-15 17:49:55
COROMANDEL,2025-12-17 15:19:00,2260.1,2260.6,2259.0,2260.6,4039,DHAN_HISTORY,2026-03-15 17:49:55
COROMANDEL,2025-12-17 15:20:00,2260.7,2262.3,2260.0,2260.0,2007,DHAN_HISTORY,2026-03-15 17:49:55
COROMANDEL,2025-12-17 15:21:00,2260.0,2261.1,2259.9,2260.1,6793,DHAN_HISTORY,2026-03-15 17:49:55
COROMANDEL,2025-12-17 15:22:00,2261.1,2261.4,2260.0,2260.3,1788,DHAN_HISTORY,2026-03-15 17:49:55
COROMANDEL,2025-12-17 15:23:00,2260.3,2262.1,2260.3,2260.6,2249,DHAN_HISTORY,2026-03-15 17:49:55
COROMANDEL,2025-12-17 15:24:00,2260.8,2261.0,2260.0,2261.0,1942,DHAN_HISTORY,2026-03-15 17:49:55
COROMANDEL,2025-12-17 15:25:00,2260.2,2262.8,2260.2,2261.2,3258,DHAN_HISTORY,2026-03-15 17:49:55
COROMANDEL,2025-12-17 15:26:00,2261.3,2263.0,2260.8,2262.7,1395,DHAN_HISTORY,2026-03-15 17:49:55
COROMANDEL,2025-12-17 15:27:00,2263.0,2263.0,2260.0,2262.0,2371,DHAN_HISTORY,2026-03-15 17:49:55
COROMANDEL,2025-12-17 15:28:00,2262.0,2263.0,2260.3,2263.0,1421,DHAN_HISTORY,2026-03-15 17:49:55
COROMANDEL,2025-12-17 15:29:00,2263.0,2265.0,2260.1,2265.0,646,DHAN_HISTORY,2026-03-15 17:49:55
