symbol,timestamp,open,high,low,close,volume,source,last_updated
SILVERCASE,2025-10-15 09:15:00,19.0,19.25,18.31,19.04,422383,DHAN_HISTORY,2026-03-15 17:15:14
SILVERCASE,2025-10-15 09:16:00,19.05,19.05,18.95,18.97,473851,DHAN_HISTORY,2026-03-15 17:15:14
SILVERCASE,2025-10-15 09:17:00,19.0,19.06,18.94,19.06,513395,DHAN_HISTORY,2026-03-15 17:15:14
SILVERCASE,2025-10-15 09:18:00,19.06,19.06,18.98,19.0,356998,DHAN_HISTORY,2026-03-15 17:15:14
SILVERCASE,2025-10-15 09:19:00,19.0,19.0,18.8,18.83,341067,DHAN_HISTORY,2026-03-15 17:15:14
SILVERCASE,2025-10-15 09:20:00,18.8,18.83,18.78,18.8,258068,DHAN_HISTORY,2026-03-15 17:15:14
SILVERCASE,2025-10-15 09:21:00,18.8,18.8,18.78,18.78,251619,DHAN_HISTORY,2026-03-15 17:15:14
SILVERCASE,2025-10-15 09:22:00,18.78,18.83,18.78,18.83,143366,DHAN_HISTORY,2026-03-15 17:15:14
SILVERCASE,2025-10-15 09:23:00,18.83,18.83,18.78,18.8,257854,DHAN_HISTORY,2026-03-15 17:15:14
SILVERCASE,2025-10-15 09:24:00,18.8,18.8,18.75,18.78,231953,DHAN_HISTORY,2026-03-15 17:15:14
SILVERCASE,2025-10-15 09:25:00,18.79,18.79,18.71,18.74,180591,DHAN_HISTORY,2026-03-15 17:15:14
SILVERCASE,2025-10-15 09:26:00,18.7,18.74,18.7,18.74,233209,DHAN_HISTORY,2026-03-15 17:15:14
SILVERCASE,2025-10-15 09:27:00,18.74,18.74,18.68,18.74,94359,DHAN_HISTORY,2026-03-15 17:15:14
SILVERCASE,2025-10-15 09:28:00,18.74,18.74,18.67,18.7,75075,DHAN_HISTORY,2026-03-15 17:15:14
SILVERCASE,2025-10-15 09:29:00,18.7,18.73,18.7,18.71,133538,DHAN_HISTORY,2026-03-15 17:15:14
SILVERCASE,2025-10-15 09:30:00,18.71,18.71,18.66,18.68,149884,DHAN_HISTORY,2026-03-15 17:15:14
SILVERCASE,2025-10-15 09:31:00,18.69,18.7,18.53,18.56,404852,DHAN_HISTORY,2026-03-15 17:15:14
SILVERCASE,2025-10-15 09:32:00,18.56,18.57,18.43,18.49,231231,DHAN_HISTORY,2026-03-15 17:15:14
SILVERCASE,2025-10-15 09:33:00,18.5,18.5,18.42,18.46,274477,DHAN_HISTORY,2026-03-15 17:15:14
SILVERCASE,2025-10-15 09:34:00,18.47,18.48,18.4,18.46,297856,DHAN_HISTORY,2026-03-15 17:15:14
SILVERCASE,2025-10-15 09:35:00,18.45,18.47,18.41,18.41,238070,DHAN_HISTORY,2026-03-15 17:15:14
SILVERCASE,2025-10-15 09:36:00,18.43,18.43,18.41,18.43,54649,DHAN_HISTORY,2026-03-15 17:15:14
SILVERCASE,2025-10-15 09:37:00,18.39,18.42,18.35,18.41,262981,DHAN_HISTORY,2026-03-15 17:15:14
SILVERCASE,2025-10-15 09:38:00,18.39,18.5,18.39,18.48,185217,DHAN_HISTORY,2026-03-15 17:15:14
SILVERCASE,2025-10-15 09:39:00,18.48,18.5,18.48,18.5,338900,DHAN_HISTORY,2026-03-15 17:15:14
SILVERCASE,2025-10-15 09:40:00,18.5,18.5,18.49,18.49,67213,DHAN_HISTORY,2026-03-15 17:15:14
SILVERCASE,2025-10-15 09:41:00,18.5,18.5,18.48,18.5,166661,DHAN_HISTORY,2026-03-15 17:15:14
SILVERCASE,2025-10-15 09:42:00,18.5,18.5,18.43,18.45,199267,DHAN_HISTORY,2026-03-15 17:15:14
SILVERCASE,2025-10-15 09:43:00,18.45,18.49,18.45,18.49,49857,DHAN_HISTORY,2026-03-15 17:15:14
SILVERCASE,2025-10-15 09:44:00,18.46,18.49,18.44,18.44,90935,DHAN_HISTORY,2026-03-15 17:15:14
SILVERCASE,2025-10-15 09:45:00,18.45,18.45,18.42,18.43,64407,DHAN_HISTORY,2026-03-15 17:15:14
SILVERCASE,2025-10-15 09:46:00,18.41,18.41,18.4,18.41,114952,DHAN_HISTORY,2026-03-15 17:15:14
SILVERCASE,2025-10-15 09:47:00,18.4,18.41,18.38,18.38,70553,DHAN_HISTORY,2026-03-15 17:15:14
SILVERCASE,2025-10-15 09:48:00,18.39,18.39,18.31,18.37,234903,DHAN_HISTORY,2026-03-15 17:15:14
SILVERCASE,2025-10-15 09:49:00,18.35,18.35,18.3,18.34,101352,DHAN_HISTORY,2026-03-15 17:15:14
SILVERCASE,2025-10-15 09:50:00,18.35,18.35,18.29,18.32,141301,DHAN_HISTORY,2026-03-15 17:15:14
SILVERCASE,2025-10-15 09:51:00,18.32,18.32,18.15,18.23,377826,DHAN_HISTORY,2026-03-15 17:15:14
SILVERCASE,2025-10-15 09:52:00,18.21,18.29,18.1,18.14,299742,DHAN_HISTORY,2026-03-15 17:15:14
SILVERCASE,2025-10-15 09:53:00,18.15,18.15,18.0,18.05,247776,DHAN_HISTORY,2026-03-15 17:15:14
SILVERCASE,2025-10-15 09:54:00,18.08,18.08,18.0,18.06,190162,DHAN_HISTORY,2026-03-15 17:15:14
SILVERCASE,2025-10-15 09:55:00,18.07,18.11,18.04,18.1,112192,DHAN_HISTORY,2026-03-15 17:15:14
SILVERCASE,2025-10-15 09:56:00,18.11,18.25,18.11,18.23,176357,DHAN_HISTORY,2026-03-15 17:15:14
SILVERCASE,2025-10-15 09:57:00,18.22,18.27,18.21,18.24,124834,DHAN_HISTORY,2026-03-15 17:15:14
SILVERCASE,2025-10-15 09:58:00,18.24,18.29,18.24,18.26,50744,DHAN_HISTORY,2026-03-15 17:15:14
SILVERCASE,2025-10-15 09:59:00,18.27,18.28,18.23,18.28,48841,DHAN_HISTORY,2026-03-15 17:15:14
SILVERCASE,2025-10-15 10:00:00,18.26,18.3,18.25,18.27,48479,DHAN_HISTORY,2026-03-15 17:15:14
SILVERCASE,2025-10-15 10:01:00,18.26,18.27,18.2,18.2,101811,DHAN_HISTORY,2026-03-15 17:15:14
SILVERCASE,2025-10-15 10:02:00,18.25,18.25,18.2,18.24,61197,DHAN_HISTORY,2026-03-15 17:15:14
SILVERCASE,2025-10-15 10:03:00,18.24,18.24,18.19,18.2,106390,DHAN_HISTORY,2026-03-15 17:15:14
SILVERCASE,2025-10-15 10:04:00,18.2,18.22,18.18,18.2,81082,DHAN_HISTORY,2026-03-15 17:15:14
SILVERCASE,2025-10-15 10:05:00,18.2,18.22,18.18,18.22,61454,DHAN_HISTORY,2026-03-15 17:15:14
SILVERCASE,2025-10-15 10:06:00,18.22,18.22,18.15,18.17,139322,DHAN_HISTORY,2026-03-15 17:15:14
SILVERCASE,2025-10-15 10:07:00,18.17,18.17,18.11,18.13,82450,DHAN_HISTORY,2026-03-15 17:15:14
SILVERCASE,2025-10-15 10:08:00,18.11,18.14,18.06,18.1,224048,DHAN_HISTORY,2026-03-15 17:15:14
SILVERCASE,2025-10-15 10:09:00,18.1,18.14,18.07,18.14,53067,DHAN_HISTORY,2026-03-15 17:15:14
SILVERCASE,2025-10-15 10:10:00,18.13,18.15,18.08,18.15,67835,DHAN_HISTORY,2026-03-15 17:15:14
SILVERCASE,2025-10-15 10:11:00,18.15,18.15,18.14,18.15,26170,DHAN_HISTORY,2026-03-15 17:15:14
SILVERCASE,2025-10-15 10:12:00,18.15,18.21,18.15,18.21,59302,DHAN_HISTORY,2026-03-15 17:15:14
SILVERCASE,2025-10-15 10:13:00,18.2,18.2,18.17,18.19,26630,DHAN_HISTORY,2026-03-15 17:15:14
SILVERCASE,2025-10-15 10:14:00,18.19,18.2,18.17,18.2,62698,DHAN_HISTORY,2026-03-15 17:15:14
SILVERCASE,2025-10-15 10:15:00,18.2,18.21,18.17,18.21,34611,DHAN_HISTORY,2026-03-15 17:15:14
SILVERCASE,2025-10-15 10:16:00,18.22,18.29,18.22,18.23,95889,DHAN_HISTORY,2026-03-15 17:15:14
SILVERCASE,2025-10-15 10:17:00,18.23,18.24,18.21,18.24,44499,DHAN_HISTORY,2026-03-15 17:15:14
SILVERCASE,2025-10-15 10:18:00,18.24,18.24,18.21,18.22,48447,DHAN_HISTORY,2026-03-15 17:15:14
SILVERCASE,2025-10-15 10:19:00,18.22,18.24,18.18,18.19,127049,DHAN_HISTORY,2026-03-15 17:15:14
SILVERCASE,2025-10-15 10:20:00,18.19,18.19,18.15,18.16,85524,DHAN_HISTORY,2026-03-15 17:15:14
SILVERCASE,2025-10-15 10:21:00,18.16,18.16,18.15,18.16,19960,DHAN_HISTORY,2026-03-15 17:15:14
SILVERCASE,2025-10-15 10:22:00,18.15,18.16,18.15,18.16,30019,DHAN_HISTORY,2026-03-15 17:15:14
SILVERCASE,2025-10-15 10:23:00,18.16,18.16,18.15,18.16,35924,DHAN_HISTORY,2026-03-15 17:15:14
SILVERCASE,2025-10-15 10:24:00,18.15,18.16,18.15,18.15,79077,DHAN_HISTORY,2026-03-15 17:15:14
SILVERCASE,2025-10-15 10:25:00,18.16,18.16,18.15,18.16,83188,DHAN_HISTORY,2026-03-15 17:15:14
SILVERCASE,2025-10-15 10:26:00,18.16,18.16,18.15,18.16,23131,DHAN_HISTORY,2026-03-15 17:15:14
SILVERCASE,2025-10-15 10:27:00,18.16,18.16,18.11,18.13,138286,DHAN_HISTORY,2026-03-15 17:15:14
SILVERCASE,2025-10-15 10:28:00,18.13,18.15,18.11,18.15,10651,DHAN_HISTORY,2026-03-15 17:15:14
SILVERCASE,2025-10-15 10:29:00,18.15,18.15,18.12,18.15,9264,DHAN_HISTORY,2026-03-15 17:15:14
SILVERCASE,2025-10-15 10:30:00,18.15,18.21,18.13,18.21,12008,DHAN_HISTORY,2026-03-15 17:15:14
SILVERCASE,2025-10-15 10:31:00,18.16,18.22,18.16,18.19,20098,DHAN_HISTORY,2026-03-15 17:15:14
SILVERCASE,2025-10-15 10:32:00,18.19,18.2,18.18,18.2,48776,DHAN_HISTORY,2026-03-15 17:15:14
SILVERCASE,2025-10-15 10:33:00,18.19,18.19,18.17,18.19,28094,DHAN_HISTORY,2026-03-15 17:15:14
SILVERCASE,2025-10-15 10:34:00,18.19,18.19,18.17,18.18,42053,DHAN_HISTORY,2026-03-15 17:15:14
SILVERCASE,2025-10-15 10:35:00,18.18,18.23,18.17,18.23,66648,DHAN_HISTORY,2026-03-15 17:15:14
SILVERCASE,2025-10-15 10:36:00,18.23,18.24,18.21,18.24,27595,DHAN_HISTORY,2026-03-15 17:15:14
SILVERCASE,2025-10-15 10:37:00,18.24,18.24,18.21,18.24,36365,DHAN_HISTORY,2026-03-15 17:15:14
SILVERCASE,2025-10-15 10:38:00,18.24,18.26,18.23,18.24,60216,DHAN_HISTORY,2026-03-15 17:15:14
SILVERCASE,2025-10-15 10:39:00,18.22,18.26,18.22,18.25,67251,DHAN_HISTORY,2026-03-15 17:15:14
SILVERCASE,2025-10-15 10:40:00,18.25,18.42,18.25,18.42,201335,DHAN_HISTORY,2026-03-15 17:15:14
SILVERCASE,2025-10-15 10:41:00,18.41,18.42,18.4,18.42,83140,DHAN_HISTORY,2026-03-15 17:15:14
SILVERCASE,2025-10-15 10:42:00,18.42,18.48,18.42,18.48,88682,DHAN_HISTORY,2026-03-15 17:15:14
SILVERCASE,2025-10-15 10:43:00,18.48,18.48,18.42,18.44,65460,DHAN_HISTORY,2026-03-15 17:15:14
SILVERCASE,2025-10-15 10:44:00,18.43,18.44,18.4,18.42,38023,DHAN_HISTORY,2026-03-15 17:15:14
SILVERCASE,2025-10-15 10:45:00,18.42,18.42,18.36,18.37,36323,DHAN_HISTORY,2026-03-15 17:15:14
SILVERCASE,2025-10-15 10:46:00,18.36,18.39,18.31,18.35,43585,DHAN_HISTORY,2026-03-15 17:15:14
SILVERCASE,2025-10-15 10:47:00,18.37,18.37,18.34,18.36,10551,DHAN_HISTORY,2026-03-15 17:15:14
SILVERCASE,2025-10-15 10:48:00,18.36,18.36,18.34,18.36,13403,DHAN_HISTORY,2026-03-15 17:15:14
SILVERCASE,2025-10-15 10:49:00,18.35,18.41,18.35,18.4,58776,DHAN_HISTORY,2026-03-15 17:15:14
SILVERCASE,2025-10-15 10:50:00,18.4,18.4,18.35,18.4,51545,DHAN_HISTORY,2026-03-15 17:15:14
SILVERCASE,2025-10-15 10:51:00,18.4,18.41,18.37,18.41,50464,DHAN_HISTORY,2026-03-15 17:15:14
SILVERCASE,2025-10-15 10:52:00,18.41,18.41,18.39,18.4,20994,DHAN_HISTORY,2026-03-15 17:15:14
SILVERCASE,2025-10-15 10:53:00,18.4,18.4,18.39,18.4,21261,DHAN_HISTORY,2026-03-15 17:15:14
SILVERCASE,2025-10-15 10:54:00,18.41,18.41,18.4,18.41,11557,DHAN_HISTORY,2026-03-15 17:15:14
SILVERCASE,2025-10-15 10:55:00,18.4,18.4,18.35,18.36,29626,DHAN_HISTORY,2026-03-15 17:15:14
SILVERCASE,2025-10-15 10:56:00,18.39,18.4,18.36,18.38,9116,DHAN_HISTORY,2026-03-15 17:15:14
SILVERCASE,2025-10-15 10:57:00,18.38,18.4,18.38,18.39,113823,DHAN_HISTORY,2026-03-15 17:15:14
SILVERCASE,2025-10-15 10:58:00,18.39,18.39,18.38,18.39,35964,DHAN_HISTORY,2026-03-15 17:15:14
SILVERCASE,2025-10-15 10:59:00,18.39,18.39,18.33,18.35,78775,DHAN_HISTORY,2026-03-15 17:15:14
SILVERCASE,2025-10-15 11:00:00,18.35,18.39,18.35,18.37,59072,DHAN_HISTORY,2026-03-15 17:15:14
SILVERCASE,2025-10-15 11:01:00,18.38,18.38,18.36,18.38,15800,DHAN_HISTORY,2026-03-15 17:15:14
SILVERCASE,2025-10-15 11:02:00,18.38,18.38,18.35,18.35,16468,DHAN_HISTORY,2026-03-15 17:15:14
SILVERCASE,2025-10-15 11:03:00,18.38,18.38,18.35,18.38,11642,DHAN_HISTORY,2026-03-15 17:15:14
SILVERCASE,2025-10-15 11:04:00,18.38,18.39,18.36,18.39,16964,DHAN_HISTORY,2026-03-15 17:15:14
SILVERCASE,2025-10-15 11:05:00,18.38,18.39,18.35,18.39,116682,DHAN_HISTORY,2026-03-15 17:15:14
SILVERCASE,2025-10-15 11:06:00,18.39,18.39,18.32,18.37,30685,DHAN_HISTORY,2026-03-15 17:15:14
SILVERCASE,2025-10-15 11:07:00,18.38,18.39,18.37,18.39,2933,DHAN_HISTORY,2026-03-15 17:15:14
SILVERCASE,2025-10-15 11:08:00,18.39,18.39,18.38,18.39,14583,DHAN_HISTORY,2026-03-15 17:15:14
SILVERCASE,2025-10-15 11:09:00,18.39,18.4,18.38,18.39,56206,DHAN_HISTORY,2026-03-15 17:15:14
SILVERCASE,2025-10-15 11:10:00,18.39,18.39,18.33,18.35,51748,DHAN_HISTORY,2026-03-15 17:15:14
SILVERCASE,2025-10-15 11:11:00,18.33,18.35,18.31,18.32,87177,DHAN_HISTORY,2026-03-15 17:15:14
SILVERCASE,2025-10-15 11:12:00,18.35,18.35,18.32,18.35,20161,DHAN_HISTORY,2026-03-15 17:15:14
SILVERCASE,2025-10-15 11:13:00,18.32,18.35,18.3,18.35,70198,DHAN_HISTORY,2026-03-15 17:15:14
SILVERCASE,2025-10-15 11:14:00,18.35,18.35,18.31,18.34,11619,DHAN_HISTORY,2026-03-15 17:15:14
SILVERCASE,2025-10-15 11:15:00,18.34,18.34,18.31,18.33,19840,DHAN_HISTORY,2026-03-15 17:15:14
SILVERCASE,2025-10-15 11:16:00,18.32,18.34,18.25,18.29,141962,DHAN_HISTORY,2026-03-15 17:15:14
SILVERCASE,2025-10-15 11:17:00,18.29,18.3,18.26,18.27,26124,DHAN_HISTORY,2026-03-15 17:15:14
SILVERCASE,2025-10-15 11:18:00,18.28,18.32,18.26,18.29,29411,DHAN_HISTORY,2026-03-15 17:15:14
SILVERCASE,2025-10-15 11:19:00,18.29,18.3,18.26,18.28,31126,DHAN_HISTORY,2026-03-15 17:15:14
SILVERCASE,2025-10-15 11:20:00,18.29,18.3,18.27,18.3,28151,DHAN_HISTORY,2026-03-15 17:15:14
SILVERCASE,2025-10-15 11:21:00,18.3,18.3,18.28,18.3,6564,DHAN_HISTORY,2026-03-15 17:15:14
SILVERCASE,2025-10-15 11:22:00,18.29,18.3,18.28,18.29,17068,DHAN_HISTORY,2026-03-15 17:15:14
SILVERCASE,2025-10-15 11:23:00,18.28,18.29,18.27,18.28,73332,DHAN_HISTORY,2026-03-15 17:15:14
SILVERCASE,2025-10-15 11:24:00,18.26,18.28,18.26,18.28,27190,DHAN_HISTORY,2026-03-15 17:15:14
SILVERCASE,2025-10-15 11:25:00,18.26,18.29,18.26,18.28,236005,DHAN_HISTORY,2026-03-15 17:15:14
SILVERCASE,2025-10-15 11:26:00,18.28,18.29,18.28,18.29,32660,DHAN_HISTORY,2026-03-15 17:15:14
SILVERCASE,2025-10-15 11:27:00,18.28,18.29,18.28,18.29,4957,DHAN_HISTORY,2026-03-15 17:15:14
SILVERCASE,2025-10-15 11:28:00,18.29,18.29,18.27,18.29,60898,DHAN_HISTORY,2026-03-15 17:15:14
SILVERCASE,2025-10-15 11:29:00,18.29,18.29,18.29,18.29,6697,DHAN_HISTORY,2026-03-15 17:15:14
SILVERCASE,2025-10-15 11:30:00,18.29,18.29,18.26,18.28,45937,DHAN_HISTORY,2026-03-15 17:15:14
SILVERCASE,2025-10-15 11:31:00,18.29,18.29,18.27,18.28,20901,DHAN_HISTORY,2026-03-15 17:15:14
SILVERCASE,2025-10-15 11:32:00,18.27,18.28,18.26,18.26,8486,DHAN_HISTORY,2026-03-15 17:15:14
SILVERCASE,2025-10-15 11:33:00,18.26,18.28,18.26,18.27,5773,DHAN_HISTORY,2026-03-15 17:15:14
SILVERCASE,2025-10-15 11:34:00,18.28,18.28,18.27,18.28,13693,DHAN_HISTORY,2026-03-15 17:15:14
SILVERCASE,2025-10-15 11:35:00,18.28,18.28,18.27,18.28,7312,DHAN_HISTORY,2026-03-15 17:15:14
SILVERCASE,2025-10-15 11:36:00,18.28,18.28,18.27,18.28,6422,DHAN_HISTORY,2026-03-15 17:15:14
SILVERCASE,2025-10-15 11:37:00,18.28,18.28,18.27,18.27,21982,DHAN_HISTORY,2026-03-15 17:15:14
SILVERCASE,2025-10-15 11:38:00,18.28,18.28,18.27,18.28,24790,DHAN_HISTORY,2026-03-15 17:15:14
SILVERCASE,2025-10-15 11:39:00,18.28,18.28,18.27,18.27,8239,DHAN_HISTORY,2026-03-15 17:15:14
SILVERCASE,2025-10-15 11:40:00,18.28,18.3,18.27,18.3,20760,DHAN_HISTORY,2026-03-15 17:15:14
SILVERCASE,2025-10-15 11:41:00,18.3,18.3,18.25,18.29,133134,DHAN_HISTORY,2026-03-15 17:15:14
SILVERCASE,2025-10-15 11:42:00,18.3,18.33,18.29,18.33,16054,DHAN_HISTORY,2026-03-15 17:15:14
SILVERCASE,2025-10-15 11:43:00,18.33,18.33,18.28,18.33,96232,DHAN_HISTORY,2026-03-15 17:15:14
SILVERCASE,2025-10-15 11:44:00,18.33,18.33,18.3,18.3,20228,DHAN_HISTORY,2026-03-15 17:15:14
SILVERCASE,2025-10-15 11:45:00,18.32,18.32,18.31,18.32,23652,DHAN_HISTORY,2026-03-15 17:15:14
SILVERCASE,2025-10-15 11:46:00,18.32,18.32,18.31,18.32,111228,DHAN_HISTORY,2026-03-15 17:15:14
SILVERCASE,2025-10-15 11:47:00,18.32,18.32,18.3,18.32,35031,DHAN_HISTORY,2026-03-15 17:15:14
SILVERCASE,2025-10-15 11:48:00,18.32,18.32,18.3,18.32,42642,DHAN_HISTORY,2026-03-15 17:15:14
SILVERCASE,2025-10-15 11:49:00,18.32,18.32,18.3,18.3,60422,DHAN_HISTORY,2026-03-15 17:15:14
SILVERCASE,2025-10-15 11:50:00,18.32,18.32,18.31,18.32,13936,DHAN_HISTORY,2026-03-15 17:15:14
SILVERCASE,2025-10-15 11:51:00,18.32,18.32,18.31,18.32,8432,DHAN_HISTORY,2026-03-15 17:15:14
SILVERCASE,2025-10-15 11:52:00,18.32,18.32,18.31,18.32,16831,DHAN_HISTORY,2026-03-15 17:15:14
SILVERCASE,2025-10-15 11:53:00,18.32,18.32,18.31,18.32,7091,DHAN_HISTORY,2026-03-15 17:15:14
SILVERCASE,2025-10-15 11:54:00,18.32,18.32,18.31,18.32,18143,DHAN_HISTORY,2026-03-15 17:15:14
SILVERCASE,2025-10-15 11:55:00,18.32,18.32,18.31,18.32,17181,DHAN_HISTORY,2026-03-15 17:15:14
SILVERCASE,2025-10-15 11:56:00,18.32,18.32,18.31,18.32,7965,DHAN_HISTORY,2026-03-15 17:15:14
SILVERCASE,2025-10-15 11:57:00,18.32,18.32,18.31,18.31,16765,DHAN_HISTORY,2026-03-15 17:15:14
SILVERCASE,2025-10-15 11:58:00,18.31,18.31,18.29,18.3,130514,DHAN_HISTORY,2026-03-15 17:15:14
SILVERCASE,2025-10-15 11:59:00,18.3,18.3,18.29,18.3,3594,DHAN_HISTORY,2026-03-15 17:15:14
SILVERCASE,2025-10-15 12:00:00,18.3,18.3,18.27,18.3,34825,DHAN_HISTORY,2026-03-15 17:15:14
SILVERCASE,2025-10-15 12:01:00,18.3,18.3,18.26,18.29,11266,DHAN_HISTORY,2026-03-15 17:15:14
SILVERCASE,2025-10-15 12:02:00,18.27,18.29,18.26,18.27,117274,DHAN_HISTORY,2026-03-15 17:15:14
SILVERCASE,2025-10-15 12:03:00,18.29,18.29,18.26,18.28,4259,DHAN_HISTORY,2026-03-15 17:15:14
SILVERCASE,2025-10-15 12:04:00,18.28,18.28,18.27,18.27,21759,DHAN_HISTORY,2026-03-15 17:15:14
SILVERCASE,2025-10-15 12:05:00,18.27,18.27,18.27,18.27,6316,DHAN_HISTORY,2026-03-15 17:15:14
SILVERCASE,2025-10-15 12:06:00,18.27,18.27,18.25,18.27,20046,DHAN_HISTORY,2026-03-15 17:15:14
SILVERCASE,2025-10-15 12:07:00,18.25,18.27,18.25,18.26,36396,DHAN_HISTORY,2026-03-15 17:15:14
SILVERCASE,2025-10-15 12:08:00,18.26,18.26,18.25,18.26,9722,DHAN_HISTORY,2026-03-15 17:15:14
SILVERCASE,2025-10-15 12:09:00,18.26,18.27,18.25,18.27,19878,DHAN_HISTORY,2026-03-15 17:15:14
SILVERCASE,2025-10-15 12:10:00,18.27,18.27,18.25,18.26,3646,DHAN_HISTORY,2026-03-15 17:15:14
SILVERCASE,2025-10-15 12:11:00,18.26,18.26,18.25,18.26,9148,DHAN_HISTORY,2026-03-15 17:15:14
SILVERCASE,2025-10-15 12:12:00,18.27,18.27,18.25,18.27,36833,DHAN_HISTORY,2026-03-15 17:15:14
SILVERCASE,2025-10-15 12:13:00,18.27,18.29,18.26,18.29,60376,DHAN_HISTORY,2026-03-15 17:15:14
SILVERCASE,2025-10-15 12:14:00,18.28,18.29,18.25,18.29,57597,DHAN_HISTORY,2026-03-15 17:15:14
SILVERCASE,2025-10-15 12:15:00,18.25,18.29,18.25,18.29,17147,DHAN_HISTORY,2026-03-15 17:15:14
SILVERCASE,2025-10-15 12:16:00,18.29,18.29,18.27,18.29,67870,DHAN_HISTORY,2026-03-15 17:15:14
SILVERCASE,2025-10-15 12:17:00,18.28,18.29,18.28,18.29,33029,DHAN_HISTORY,2026-03-15 17:15:14
SILVERCASE,2025-10-15 12:18:00,18.29,18.29,18.28,18.29,8221,DHAN_HISTORY,2026-03-15 17:15:14
SILVERCASE,2025-10-15 12:19:00,18.29,18.29,18.27,18.29,5857,DHAN_HISTORY,2026-03-15 17:15:14
SILVERCASE,2025-10-15 12:20:00,18.29,18.29,18.27,18.29,7013,DHAN_HISTORY,2026-03-15 17:15:14
SILVERCASE,2025-10-15 12:21:00,18.29,18.29,18.29,18.29,2301,DHAN_HISTORY,2026-03-15 17:15:14
SILVERCASE,2025-10-15 12:22:00,18.29,18.29,18.27,18.28,16788,DHAN_HISTORY,2026-03-15 17:15:14
SILVERCASE,2025-10-15 12:23:00,18.28,18.28,18.27,18.28,3157,DHAN_HISTORY,2026-03-15 17:15:14
SILVERCASE,2025-10-15 12:24:00,18.28,18.28,18.27,18.28,15586,DHAN_HISTORY,2026-03-15 17:15:14
SILVERCASE,2025-10-15 12:25:00,18.27,18.29,18.27,18.28,25285,DHAN_HISTORY,2026-03-15 17:15:14
SILVERCASE,2025-10-15 12:26:00,18.28,18.29,18.28,18.29,22777,DHAN_HISTORY,2026-03-15 17:15:14
SILVERCASE,2025-10-15 12:27:00,18.29,18.29,18.28,18.29,110632,DHAN_HISTORY,2026-03-15 17:15:14
SILVERCASE,2025-10-15 12:28:00,18.28,18.28,18.27,18.28,19677,DHAN_HISTORY,2026-03-15 17:15:14
SILVERCASE,2025-10-15 12:29:00,18.28,18.29,18.27,18.29,26363,DHAN_HISTORY,2026-03-15 17:15:14
SILVERCASE,2025-10-15 12:30:00,18.29,18.29,18.28,18.29,8116,DHAN_HISTORY,2026-03-15 17:15:14
SILVERCASE,2025-10-15 12:31:00,18.29,18.29,18.26,18.27,45910,DHAN_HISTORY,2026-03-15 17:15:14
SILVERCASE,2025-10-15 12:32:00,18.27,18.28,18.27,18.28,10095,DHAN_HISTORY,2026-03-15 17:15:14
SILVERCASE,2025-10-15 12:33:00,18.28,18.28,18.27,18.27,54496,DHAN_HISTORY,2026-03-15 17:15:14
SILVERCASE,2025-10-15 12:34:00,18.28,18.29,18.27,18.28,11660,DHAN_HISTORY,2026-03-15 17:15:14
SILVERCASE,2025-10-15 12:35:00,18.28,18.28,18.27,18.28,1783,DHAN_HISTORY,2026-03-15 17:15:14
SILVERCASE,2025-10-15 12:36:00,18.28,18.31,18.27,18.3,80426,DHAN_HISTORY,2026-03-15 17:15:14
SILVERCASE,2025-10-15 12:37:00,18.3,18.3,18.28,18.29,19078,DHAN_HISTORY,2026-03-15 17:15:14
SILVERCASE,2025-10-15 12:38:00,18.29,18.3,18.28,18.29,23453,DHAN_HISTORY,2026-03-15 17:15:14
SILVERCASE,2025-10-15 12:39:00,18.29,18.29,18.27,18.28,54754,DHAN_HISTORY,2026-03-15 17:15:14
SILVERCASE,2025-10-15 12:40:00,18.28,18.28,18.26,18.26,5858,DHAN_HISTORY,2026-03-15 17:15:14
SILVERCASE,2025-10-15 12:41:00,18.26,18.28,18.26,18.28,69986,DHAN_HISTORY,2026-03-15 17:15:14
SILVERCASE,2025-10-15 12:42:00,18.26,18.28,18.26,18.28,47426,DHAN_HISTORY,2026-03-15 17:15:14
SILVERCASE,2025-10-15 12:43:00,18.28,18.28,18.25,18.25,40684,DHAN_HISTORY,2026-03-15 17:15:14
SILVERCASE,2025-10-15 12:44:00,18.27,18.27,18.26,18.27,19860,DHAN_HISTORY,2026-03-15 17:15:14
SILVERCASE,2025-10-15 12:45:00,18.27,18.27,18.25,18.26,2252,DHAN_HISTORY,2026-03-15 17:15:14
SILVERCASE,2025-10-15 12:46:00,18.26,18.26,18.26,18.26,7291,DHAN_HISTORY,2026-03-15 17:15:14
SILVERCASE,2025-10-15 12:47:00,18.26,18.27,18.25,18.26,114080,DHAN_HISTORY,2026-03-15 17:15:14
SILVERCASE,2025-10-15 12:48:00,18.26,18.26,18.25,18.26,23949,DHAN_HISTORY,2026-03-15 17:15:14
SILVERCASE,2025-10-15 12:49:00,18.25,18.26,18.25,18.26,7767,DHAN_HISTORY,2026-03-15 17:15:14
SILVERCASE,2025-10-15 12:50:00,18.26,18.28,18.25,18.26,28388,DHAN_HISTORY,2026-03-15 17:15:14
SILVERCASE,2025-10-15 12:51:00,18.26,18.29,18.25,18.28,12407,DHAN_HISTORY,2026-03-15 17:15:14
SILVERCASE,2025-10-15 12:52:00,18.27,18.28,18.27,18.28,3846,DHAN_HISTORY,2026-03-15 17:15:14
SILVERCASE,2025-10-15 12:53:00,18.29,18.29,18.27,18.28,6773,DHAN_HISTORY,2026-03-15 17:15:14
SILVERCASE,2025-10-15 12:54:00,18.28,18.28,18.25,18.28,12758,DHAN_HISTORY,2026-03-15 17:15:14
SILVERCASE,2025-10-15 12:55:00,18.25,18.28,18.25,18.28,3286,DHAN_HISTORY,2026-03-15 17:15:14
SILVERCASE,2025-10-15 12:56:00,18.28,18.29,18.25,18.29,27425,DHAN_HISTORY,2026-03-15 17:15:14
SILVERCASE,2025-10-15 12:57:00,18.28,18.29,18.28,18.28,7317,DHAN_HISTORY,2026-03-15 17:15:14
SILVERCASE,2025-10-15 12:58:00,18.29,18.29,18.26,18.29,10437,DHAN_HISTORY,2026-03-15 17:15:14
SILVERCASE,2025-10-15 12:59:00,18.26,18.29,18.26,18.29,4626,DHAN_HISTORY,2026-03-15 17:15:14
SILVERCASE,2025-10-15 13:00:00,18.29,18.29,18.27,18.29,4797,DHAN_HISTORY,2026-03-15 17:15:14
SILVERCASE,2025-10-15 13:01:00,18.29,18.29,18.27,18.29,36308,DHAN_HISTORY,2026-03-15 17:15:14
SILVERCASE,2025-10-15 13:02:00,18.29,18.29,18.26,18.29,13963,DHAN_HISTORY,2026-03-15 17:15:14
SILVERCASE,2025-10-15 13:03:00,18.26,18.29,18.26,18.29,3336,DHAN_HISTORY,2026-03-15 17:15:14
SILVERCASE,2025-10-15 13:04:00,18.3,18.3,18.28,18.29,46233,DHAN_HISTORY,2026-03-15 17:15:14
SILVERCASE,2025-10-15 13:05:00,18.29,18.29,18.27,18.29,4020,DHAN_HISTORY,2026-03-15 17:15:14
SILVERCASE,2025-10-15 13:06:00,18.29,18.29,18.28,18.28,4159,DHAN_HISTORY,2026-03-15 17:15:14
SILVERCASE,2025-10-15 13:07:00,18.29,18.29,18.28,18.29,5362,DHAN_HISTORY,2026-03-15 17:15:14
SILVERCASE,2025-10-15 13:08:00,18.29,18.29,18.28,18.28,13335,DHAN_HISTORY,2026-03-15 17:15:14
SILVERCASE,2025-10-15 13:09:00,18.28,18.29,18.27,18.29,10947,DHAN_HISTORY,2026-03-15 17:15:14
SILVERCASE,2025-10-15 13:10:00,18.29,18.3,18.28,18.29,3773,DHAN_HISTORY,2026-03-15 17:15:14
SILVERCASE,2025-10-15 13:11:00,18.3,18.31,18.29,18.31,27358,DHAN_HISTORY,2026-03-15 17:15:14
SILVERCASE,2025-10-15 13:12:00,18.31,18.34,18.31,18.34,34763,DHAN_HISTORY,2026-03-15 17:15:14
SILVERCASE,2025-10-15 13:13:00,18.34,18.38,18.33,18.38,41084,DHAN_HISTORY,2026-03-15 17:15:14
SILVERCASE,2025-10-15 13:14:00,18.4,18.41,18.38,18.4,66823,DHAN_HISTORY,2026-03-15 17:15:14
SILVERCASE,2025-10-15 13:15:00,18.4,18.4,18.4,18.4,17513,DHAN_HISTORY,2026-03-15 17:15:14
SILVERCASE,2025-10-15 13:16:00,18.4,18.4,18.38,18.39,85456,DHAN_HISTORY,2026-03-15 17:15:14
SILVERCASE,2025-10-15 13:17:00,18.39,18.39,18.35,18.38,32787,DHAN_HISTORY,2026-03-15 17:15:14
SILVERCASE,2025-10-15 13:18:00,18.36,18.38,18.36,18.37,21725,DHAN_HISTORY,2026-03-15 17:15:14
SILVERCASE,2025-10-15 13:19:00,18.37,18.37,18.36,18.37,18164,DHAN_HISTORY,2026-03-15 17:15:14
SILVERCASE,2025-10-15 13:20:00,18.37,18.37,18.36,18.37,9942,DHAN_HISTORY,2026-03-15 17:15:14
SILVERCASE,2025-10-15 13:21:00,18.37,18.37,18.36,18.36,21636,DHAN_HISTORY,2026-03-15 17:15:14
SILVERCASE,2025-10-15 13:22:00,18.37,18.37,18.36,18.37,2871,DHAN_HISTORY,2026-03-15 17:15:14
SILVERCASE,2025-10-15 13:23:00,18.37,18.38,18.36,18.38,33612,DHAN_HISTORY,2026-03-15 17:15:14
SILVERCASE,2025-10-15 13:24:00,18.38,18.38,18.36,18.38,8110,DHAN_HISTORY,2026-03-15 17:15:14
SILVERCASE,2025-10-15 13:25:00,18.38,18.38,18.36,18.37,24608,DHAN_HISTORY,2026-03-15 17:15:14
SILVERCASE,2025-10-15 13:26:00,18.37,18.37,18.37,18.37,28809,DHAN_HISTORY,2026-03-15 17:15:14
SILVERCASE,2025-10-15 13:27:00,18.37,18.37,18.36,18.37,17137,DHAN_HISTORY,2026-03-15 17:15:14
SILVERCASE,2025-10-15 13:28:00,18.37,18.37,18.32,18.36,27673,DHAN_HISTORY,2026-03-15 17:15:14
SILVERCASE,2025-10-15 13:29:00,18.36,18.36,18.36,18.36,6960,DHAN_HISTORY,2026-03-15 17:15:14
SILVERCASE,2025-10-15 13:30:00,18.36,18.37,18.35,18.37,4991,DHAN_HISTORY,2026-03-15 17:15:14
SILVERCASE,2025-10-15 13:31:00,18.37,18.37,18.35,18.37,23947,DHAN_HISTORY,2026-03-15 17:15:14
SILVERCASE,2025-10-15 13:32:00,18.37,18.37,18.36,18.36,40721,DHAN_HISTORY,2026-03-15 17:15:14
SILVERCASE,2025-10-15 13:33:00,18.36,18.36,18.36,18.36,17850,DHAN_HISTORY,2026-03-15 17:15:14
SILVERCASE,2025-10-15 13:34:00,18.36,18.36,18.35,18.35,21589,DHAN_HISTORY,2026-03-15 17:15:14
SILVERCASE,2025-10-15 13:35:00,18.34,18.35,18.33,18.35,9469,DHAN_HISTORY,2026-03-15 17:15:14
SILVERCASE,2025-10-15 13:36:00,18.33,18.35,18.33,18.35,6580,DHAN_HISTORY,2026-03-15 17:15:14
SILVERCASE,2025-10-15 13:37:00,18.35,18.35,18.3,18.34,40667,DHAN_HISTORY,2026-03-15 17:15:14
SILVERCASE,2025-10-15 13:38:00,18.34,18.36,18.34,18.36,52058,DHAN_HISTORY,2026-03-15 17:15:14
SILVERCASE,2025-10-15 13:39:00,18.36,18.37,18.3,18.37,80075,DHAN_HISTORY,2026-03-15 17:15:14
SILVERCASE,2025-10-15 13:40:00,18.37,18.37,18.31,18.35,15358,DHAN_HISTORY,2026-03-15 17:15:14
SILVERCASE,2025-10-15 13:41:00,18.37,18.37,18.36,18.37,4769,DHAN_HISTORY,2026-03-15 17:15:14
SILVERCASE,2025-10-15 13:42:00,18.37,18.37,18.36,18.37,13620,DHAN_HISTORY,2026-03-15 17:15:14
SILVERCASE,2025-10-15 13:43:00,18.37,18.37,18.35,18.37,10331,DHAN_HISTORY,2026-03-15 17:15:14
SILVERCASE,2025-10-15 13:44:00,18.35,18.37,18.35,18.37,3020,DHAN_HISTORY,2026-03-15 17:15:14
SILVERCASE,2025-10-15 13:45:00,18.37,18.37,18.35,18.37,30494,DHAN_HISTORY,2026-03-15 17:15:14
SILVERCASE,2025-10-15 13:46:00,18.37,18.37,18.35,18.37,3061,DHAN_HISTORY,2026-03-15 17:15:14
SILVERCASE,2025-10-15 13:47:00,18.37,18.37,18.36,18.37,10309,DHAN_HISTORY,2026-03-15 17:15:14
SILVERCASE,2025-10-15 13:48:00,18.37,18.4,18.35,18.4,25630,DHAN_HISTORY,2026-03-15 17:15:14
SILVERCASE,2025-10-15 13:49:00,18.4,18.4,18.37,18.39,27173,DHAN_HISTORY,2026-03-15 17:15:14
SILVERCASE,2025-10-15 13:50:00,18.39,18.39,18.36,18.39,17029,DHAN_HISTORY,2026-03-15 17:15:14
SILVERCASE,2025-10-15 13:51:00,18.36,18.39,18.36,18.39,15922,DHAN_HISTORY,2026-03-15 17:15:14
SILVERCASE,2025-10-15 13:52:00,18.38,18.39,18.37,18.39,8689,DHAN_HISTORY,2026-03-15 17:15:14
SILVERCASE,2025-10-15 13:53:00,18.39,18.39,18.37,18.39,15496,DHAN_HISTORY,2026-03-15 17:15:14
SILVERCASE,2025-10-15 13:54:00,18.39,18.4,18.38,18.39,7285,DHAN_HISTORY,2026-03-15 17:15:14
SILVERCASE,2025-10-15 13:55:00,18.39,18.4,18.38,18.39,39366,DHAN_HISTORY,2026-03-15 17:15:14
SILVERCASE,2025-10-15 13:56:00,18.39,18.39,18.38,18.39,5333,DHAN_HISTORY,2026-03-15 17:15:14
SILVERCASE,2025-10-15 13:57:00,18.39,18.39,18.38,18.39,27179,DHAN_HISTORY,2026-03-15 17:15:14
SILVERCASE,2025-10-15 13:58:00,18.39,18.4,18.36,18.37,66988,DHAN_HISTORY,2026-03-15 17:15:14
SILVERCASE,2025-10-15 13:59:00,18.39,18.39,18.36,18.39,14578,DHAN_HISTORY,2026-03-15 17:15:14
SILVERCASE,2025-10-15 14:00:00,18.39,18.39,18.35,18.36,21575,DHAN_HISTORY,2026-03-15 17:15:14
SILVERCASE,2025-10-15 14:01:00,18.36,18.36,18.35,18.35,10452,DHAN_HISTORY,2026-03-15 17:15:14
SILVERCASE,2025-10-15 14:02:00,18.35,18.39,18.35,18.36,17634,DHAN_HISTORY,2026-03-15 17:15:14
SILVERCASE,2025-10-15 14:03:00,18.36,18.38,18.36,18.37,1704,DHAN_HISTORY,2026-03-15 17:15:14
SILVERCASE,2025-10-15 14:04:00,18.38,18.39,18.37,18.38,8757,DHAN_HISTORY,2026-03-15 17:15:14
SILVERCASE,2025-10-15 14:05:00,18.38,18.39,18.36,18.36,16232,DHAN_HISTORY,2026-03-15 17:15:14
SILVERCASE,2025-10-15 14:06:00,18.39,18.39,18.35,18.38,39657,DHAN_HISTORY,2026-03-15 17:15:14
SILVERCASE,2025-10-15 14:07:00,18.38,18.38,18.36,18.38,5736,DHAN_HISTORY,2026-03-15 17:15:14
SILVERCASE,2025-10-15 14:08:00,18.38,18.38,18.38,18.38,16057,DHAN_HISTORY,2026-03-15 17:15:14
SILVERCASE,2025-10-15 14:09:00,18.38,18.38,18.36,18.38,3376,DHAN_HISTORY,2026-03-15 17:15:14
SILVERCASE,2025-10-15 14:10:00,18.36,18.38,18.36,18.38,6901,DHAN_HISTORY,2026-03-15 17:15:14
SILVERCASE,2025-10-15 14:11:00,18.38,18.38,18.36,18.38,5512,DHAN_HISTORY,2026-03-15 17:15:14
SILVERCASE,2025-10-15 14:12:00,18.38,18.38,18.36,18.38,30969,DHAN_HISTORY,2026-03-15 17:15:14
SILVERCASE,2025-10-15 14:13:00,18.38,18.38,18.36,18.38,5782,DHAN_HISTORY,2026-03-15 17:15:14
SILVERCASE,2025-10-15 14:14:00,18.38,18.38,18.36,18.37,12020,DHAN_HISTORY,2026-03-15 17:15:14
SILVERCASE,2025-10-15 14:15:00,18.38,18.38,18.36,18.38,11350,DHAN_HISTORY,2026-03-15 17:15:14
SILVERCASE,2025-10-15 14:16:00,18.38,18.38,18.36,18.36,50215,DHAN_HISTORY,2026-03-15 17:15:14
SILVERCASE,2025-10-15 14:17:00,18.36,18.36,18.34,18.35,43953,DHAN_HISTORY,2026-03-15 17:15:14
SILVERCASE,2025-10-15 14:18:00,18.34,18.36,18.34,18.36,1276,DHAN_HISTORY,2026-03-15 17:15:14
SILVERCASE,2025-10-15 14:19:00,18.36,18.36,18.35,18.35,8922,DHAN_HISTORY,2026-03-15 17:15:14
SILVERCASE,2025-10-15 14:20:00,18.36,18.36,18.34,18.36,8429,DHAN_HISTORY,2026-03-15 17:15:14
SILVERCASE,2025-10-15 14:21:00,18.36,18.36,18.34,18.35,19733,DHAN_HISTORY,2026-03-15 17:15:14
SILVERCASE,2025-10-15 14:22:00,18.36,18.36,18.34,18.36,10549,DHAN_HISTORY,2026-03-15 17:15:14
SILVERCASE,2025-10-15 14:23:00,18.35,18.38,18.35,18.38,58320,DHAN_HISTORY,2026-03-15 17:15:14
SILVERCASE,2025-10-15 14:24:00,18.36,18.36,18.35,18.36,7594,DHAN_HISTORY,2026-03-15 17:15:14
SILVERCASE,2025-10-15 14:25:00,18.36,18.36,18.34,18.34,18183,DHAN_HISTORY,2026-03-15 17:15:14
SILVERCASE,2025-10-15 14:26:00,18.36,18.36,18.36,18.36,5515,DHAN_HISTORY,2026-03-15 17:15:14
SILVERCASE,2025-10-15 14:27:00,18.35,18.36,18.33,18.36,16178,DHAN_HISTORY,2026-03-15 17:15:14
SILVERCASE,2025-10-15 14:28:00,18.36,18.36,18.33,18.36,13929,DHAN_HISTORY,2026-03-15 17:15:14
SILVERCASE,2025-10-15 14:29:00,18.34,18.36,18.33,18.34,2006,DHAN_HISTORY,2026-03-15 17:15:14
SILVERCASE,2025-10-15 14:30:00,18.36,18.36,18.34,18.36,8729,DHAN_HISTORY,2026-03-15 17:15:14
SILVERCASE,2025-10-15 14:31:00,18.36,18.36,18.34,18.35,8185,DHAN_HISTORY,2026-03-15 17:15:14
SILVERCASE,2025-10-15 14:32:00,18.35,18.35,18.34,18.34,10728,DHAN_HISTORY,2026-03-15 17:15:14
SILVERCASE,2025-10-15 14:33:00,18.35,18.35,18.33,18.33,4188,DHAN_HISTORY,2026-03-15 17:15:14
SILVERCASE,2025-10-15 14:34:00,18.34,18.34,18.32,18.33,35571,DHAN_HISTORY,2026-03-15 17:15:14
SILVERCASE,2025-10-15 14:35:00,18.32,18.34,18.31,18.33,33018,DHAN_HISTORY,2026-03-15 17:15:14
SILVERCASE,2025-10-15 14:36:00,18.33,18.34,18.32,18.34,12296,DHAN_HISTORY,2026-03-15 17:15:14
SILVERCASE,2025-10-15 14:37:00,18.34,18.34,18.33,18.34,5868,DHAN_HISTORY,2026-03-15 17:15:14
SILVERCASE,2025-10-15 14:38:00,18.34,18.35,18.33,18.35,7483,DHAN_HISTORY,2026-03-15 17:15:14
SILVERCASE,2025-10-15 14:39:00,18.34,18.35,18.33,18.35,5720,DHAN_HISTORY,2026-03-15 17:15:14
SILVERCASE,2025-10-15 14:40:00,18.35,18.36,18.32,18.35,3533,DHAN_HISTORY,2026-03-15 17:15:14
SILVERCASE,2025-10-15 14:41:00,18.34,18.36,18.33,18.34,8953,DHAN_HISTORY,2026-03-15 17:15:14
SILVERCASE,2025-10-15 14:42:00,18.35,18.35,18.32,18.34,13439,DHAN_HISTORY,2026-03-15 17:15:14
SILVERCASE,2025-10-15 14:43:00,18.34,18.34,18.25,18.28,239720,DHAN_HISTORY,2026-03-15 17:15:14
SILVERCASE,2025-10-15 14:44:00,18.25,18.28,18.24,18.24,60953,DHAN_HISTORY,2026-03-15 17:15:14
SILVERCASE,2025-10-15 14:45:00,18.24,18.26,18.15,18.19,340734,DHAN_HISTORY,2026-03-15 17:15:14
SILVERCASE,2025-10-15 14:46:00,18.19,18.2,18.15,18.2,145727,DHAN_HISTORY,2026-03-15 17:15:14
SILVERCASE,2025-10-15 14:47:00,18.15,18.2,18.15,18.18,70847,DHAN_HISTORY,2026-03-15 17:15:14
SILVERCASE,2025-10-15 14:48:00,18.17,18.18,18.14,18.18,147446,DHAN_HISTORY,2026-03-15 17:15:14
SILVERCASE,2025-10-15 14:49:00,18.18,18.18,18.17,18.18,24020,DHAN_HISTORY,2026-03-15 17:15:14
SILVERCASE,2025-10-15 14:50:00,18.17,18.18,18.15,18.17,61375,DHAN_HISTORY,2026-03-15 17:15:14
SILVERCASE,2025-10-15 14:51:00,18.17,18.17,18.02,18.09,585183,DHAN_HISTORY,2026-03-15 17:15:14
SILVERCASE,2025-10-15 14:52:00,18.09,18.09,18.02,18.05,179174,DHAN_HISTORY,2026-03-15 17:15:14
SILVERCASE,2025-10-15 14:53:00,18.05,18.05,18.03,18.03,33123,DHAN_HISTORY,2026-03-15 17:15:14
SILVERCASE,2025-10-15 14:54:00,18.05,18.05,18.03,18.05,10366,DHAN_HISTORY,2026-03-15 17:15:14
SILVERCASE,2025-10-15 14:55:00,18.05,18.05,18.04,18.05,42331,DHAN_HISTORY,2026-03-15 17:15:14
SILVERCASE,2025-10-15 14:56:00,18.05,18.07,18.05,18.07,63407,DHAN_HISTORY,2026-03-15 17:15:14
SILVERCASE,2025-10-15 14:57:00,18.07,18.07,18.03,18.07,94623,DHAN_HISTORY,2026-03-15 17:15:14
SILVERCASE,2025-10-15 14:58:00,18.05,18.07,18.05,18.07,31625,DHAN_HISTORY,2026-03-15 17:15:14
SILVERCASE,2025-10-15 14:59:00,18.06,18.14,18.06,18.13,37343,DHAN_HISTORY,2026-03-15 17:15:14
SILVERCASE,2025-10-15 15:00:00,18.13,18.23,18.12,18.12,203842,DHAN_HISTORY,2026-03-15 17:15:14
SILVERCASE,2025-10-15 15:01:00,18.15,18.2,18.15,18.18,24106,DHAN_HISTORY,2026-03-15 17:15:14
SILVERCASE,2025-10-15 15:02:00,18.15,18.15,18.12,18.15,52697,DHAN_HISTORY,2026-03-15 17:15:14
SILVERCASE,2025-10-15 15:03:00,18.15,18.18,18.13,18.13,765118,DHAN_HISTORY,2026-03-15 17:15:14
SILVERCASE,2025-10-15 15:04:00,18.14,18.18,18.14,18.18,17868,DHAN_HISTORY,2026-03-15 17:15:14
SILVERCASE,2025-10-15 15:05:00,18.18,18.2,18.14,18.15,65035,DHAN_HISTORY,2026-03-15 17:15:14
SILVERCASE,2025-10-15 15:06:00,18.17,18.19,18.15,18.19,12448,DHAN_HISTORY,2026-03-15 17:15:14
SILVERCASE,2025-10-15 15:07:00,18.19,18.19,18.17,18.18,40015,DHAN_HISTORY,2026-03-15 17:15:14
SILVERCASE,2025-10-15 15:08:00,18.18,18.19,18.17,18.17,118788,DHAN_HISTORY,2026-03-15 17:15:14
SILVERCASE,2025-10-15 15:09:00,18.18,18.18,18.15,18.16,217244,DHAN_HISTORY,2026-03-15 17:15:14
SILVERCASE,2025-10-15 15:10:00,18.16,18.19,18.15,18.19,860848,DHAN_HISTORY,2026-03-15 17:15:14
SILVERCASE,2025-10-15 15:11:00,18.19,18.19,18.18,18.19,91563,DHAN_HISTORY,2026-03-15 17:15:14
SILVERCASE,2025-10-15 15:12:00,18.19,18.21,18.18,18.18,160607,DHAN_HISTORY,2026-03-15 17:15:14
SILVERCASE,2025-10-15 15:13:00,18.19,18.19,18.17,18.19,232473,DHAN_HISTORY,2026-03-15 17:15:14
SILVERCASE,2025-10-15 15:14:00,18.19,18.19,18.17,18.17,65423,DHAN_HISTORY,2026-03-15 17:15:14
SILVERCASE,2025-10-15 15:15:00,18.17,18.17,18.15,18.16,119706,DHAN_HISTORY,2026-03-15 17:15:14
SILVERCASE,2025-10-15 15:16:00,18.16,18.16,18.14,18.14,1142569,DHAN_HISTORY,2026-03-15 17:15:14
SILVERCASE,2025-10-15 15:17:00,18.14,18.15,18.05,18.08,189263,DHAN_HISTORY,2026-03-15 17:15:14
SILVERCASE,2025-10-15 15:18:00,18.06,18.09,17.96,18.05,1299881,DHAN_HISTORY,2026-03-15 17:15:14
SILVERCASE,2025-10-15 15:19:00,18.05,18.08,18.01,18.04,129254,DHAN_HISTORY,2026-03-15 17:15:14
SILVERCASE,2025-10-15 15:20:00,18.02,18.02,17.94,17.99,172717,DHAN_HISTORY,2026-03-15 17:15:14
SILVERCASE,2025-10-15 15:21:00,17.98,18.05,17.96,18.05,152068,DHAN_HISTORY,2026-03-15 17:15:14
SILVERCASE,2025-10-15 15:22:00,18.05,18.07,18.0,18.07,167674,DHAN_HISTORY,2026-03-15 17:15:14
SILVERCASE,2025-10-15 15:23:00,18.07,18.13,18.05,18.12,47283,DHAN_HISTORY,2026-03-15 17:15:14
SILVERCASE,2025-10-15 15:24:00,18.12,18.14,18.0,18.05,232453,DHAN_HISTORY,2026-03-15 17:15:14
SILVERCASE,2025-10-15 15:25:00,18.05,18.12,18.04,18.08,37727,DHAN_HISTORY,2026-03-15 17:15:14
SILVERCASE,2025-10-15 15:26:00,18.06,18.1,17.72,18.01,584359,DHAN_HISTORY,2026-03-15 17:15:14
SILVERCASE,2025-10-15 15:27:00,18.05,18.09,17.53,17.68,702156,DHAN_HISTORY,2026-03-15 17:15:14
SILVERCASE,2025-10-15 15:28:00,17.68,17.85,17.64,17.78,459971,DHAN_HISTORY,2026-03-15 17:15:14
SILVERCASE,2025-10-15 15:29:00,17.82,17.99,17.4,17.5,799513,DHAN_HISTORY,2026-03-15 17:15:14
