symbol,timestamp,open,high,low,close,volume,source,last_updated
PIDILITIND,2025-09-29 09:15:00,1479.0,1486.2,1474.8,1478.2,18333,DHAN_HISTORY,2026-03-15 18:19:23
PIDILITIND,2025-09-29 09:16:00,1478.3,1480.8,1475.2,1476.1,6216,DHAN_HISTORY,2026-03-15 18:19:23
PIDILITIND,2025-09-29 09:17:00,1477.3,1479.5,1474.7,1477.7,8944,DHAN_HISTORY,2026-03-15 18:19:23
PIDILITIND,2025-09-29 09:18:00,1477.7,1479.4,1474.1,1477.0,3639,DHAN_HISTORY,2026-03-15 18:19:23
PIDILITIND,2025-09-29 09:19:00,1476.9,1477.8,1476.0,1476.8,1454,DHAN_HISTORY,2026-03-15 18:19:23
PIDILITIND,2025-09-29 09:20:00,1476.8,1478.6,1473.6,1476.9,4167,DHAN_HISTORY,2026-03-15 18:19:23
PIDILITIND,2025-09-29 09:21:00,1477.3,1481.2,1476.2,1479.9,5626,DHAN_HISTORY,2026-03-15 18:19:23
PIDILITIND,2025-09-29 09:22:00,1479.8,1479.8,1477.0,1478.1,2024,DHAN_HISTORY,2026-03-15 18:19:23
PIDILITIND,2025-09-29 09:23:00,1477.8,1478.9,1477.1,1477.2,2542,DHAN_HISTORY,2026-03-15 18:19:23
PIDILITIND,2025-09-29 09:24:00,1477.9,1479.1,1477.2,1477.2,1552,DHAN_HISTORY,2026-03-15 18:19:23
PIDILITIND,2025-09-29 09:25:00,1477.2,1477.9,1476.7,1477.5,2186,DHAN_HISTORY,2026-03-15 18:19:23
PIDILITIND,2025-09-29 09:26:00,1476.1,1477.9,1475.1,1476.4,1737,DHAN_HISTORY,2026-03-15 18:19:23
PIDILITIND,2025-09-29 09:27:00,1478.0,1478.0,1476.2,1477.1,745,DHAN_HISTORY,2026-03-15 18:19:23
PIDILITIND,2025-09-29 09:28:00,1476.3,1478.1,1475.9,1477.8,708,DHAN_HISTORY,2026-03-15 18:19:23
PIDILITIND,2025-09-29 09:29:00,1477.8,1481.9,1477.7,1480.8,3861,DHAN_HISTORY,2026-03-15 18:19:23
PIDILITIND,2025-09-29 09:30:00,1480.9,1482.0,1479.1,1479.1,1533,DHAN_HISTORY,2026-03-15 18:19:23
PIDILITIND,2025-09-29 09:31:00,1479.1,1479.8,1477.5,1479.0,1021,DHAN_HISTORY,2026-03-15 18:19:23
PIDILITIND,2025-09-29 09:32:00,1479.0,1479.7,1477.5,1478.5,2678,DHAN_HISTORY,2026-03-15 18:19:23
PIDILITIND,2025-09-29 09:33:00,1478.0,1478.7,1477.0,1477.8,157,DHAN_HISTORY,2026-03-15 18:19:23
PIDILITIND,2025-09-29 09:34:00,1478.7,1478.7,1476.8,1478.6,296,DHAN_HISTORY,2026-03-15 18:19:23
PIDILITIND,2025-09-29 09:35:00,1478.6,1479.9,1478.6,1478.6,1624,DHAN_HISTORY,2026-03-15 18:19:23
PIDILITIND,2025-09-29 09:36:00,1479.0,1479.0,1477.4,1478.0,1277,DHAN_HISTORY,2026-03-15 18:19:23
PIDILITIND,2025-09-29 09:37:00,1478.0,1478.4,1476.0,1476.0,265,DHAN_HISTORY,2026-03-15 18:19:23
PIDILITIND,2025-09-29 09:38:00,1476.5,1477.0,1475.1,1476.0,906,DHAN_HISTORY,2026-03-15 18:19:23
PIDILITIND,2025-09-29 09:39:00,1476.0,1476.3,1474.4,1475.8,1159,DHAN_HISTORY,2026-03-15 18:19:23
PIDILITIND,2025-09-29 09:40:00,1475.0,1476.2,1474.0,1474.5,1303,DHAN_HISTORY,2026-03-15 18:19:23
PIDILITIND,2025-09-29 09:41:00,1473.9,1476.4,1473.8,1475.6,475,DHAN_HISTORY,2026-03-15 18:19:23
PIDILITIND,2025-09-29 09:42:00,1475.8,1477.4,1475.8,1476.9,146,DHAN_HISTORY,2026-03-15 18:19:23
PIDILITIND,2025-09-29 09:43:00,1477.3,1477.3,1475.7,1477.1,1058,DHAN_HISTORY,2026-03-15 18:19:23
PIDILITIND,2025-09-29 09:44:00,1476.8,1476.8,1475.6,1476.4,972,DHAN_HISTORY,2026-03-15 18:19:23
PIDILITIND,2025-09-29 09:45:00,1476.4,1476.9,1476.4,1476.8,135,DHAN_HISTORY,2026-03-15 18:19:23
PIDILITIND,2025-09-29 09:46:00,1476.4,1477.4,1476.0,1477.4,140,DHAN_HISTORY,2026-03-15 18:19:23
PIDILITIND,2025-09-29 09:47:00,1477.4,1478.9,1476.4,1478.9,1473,DHAN_HISTORY,2026-03-15 18:19:23
PIDILITIND,2025-09-29 09:48:00,1478.1,1478.8,1476.6,1477.5,1659,DHAN_HISTORY,2026-03-15 18:19:23
PIDILITIND,2025-09-29 09:49:00,1477.5,1479.3,1477.5,1479.1,186,DHAN_HISTORY,2026-03-15 18:19:23
PIDILITIND,2025-09-29 09:50:00,1479.1,1479.1,1477.9,1478.8,320,DHAN_HISTORY,2026-03-15 18:19:23
PIDILITIND,2025-09-29 09:51:00,1478.8,1478.8,1477.7,1477.7,557,DHAN_HISTORY,2026-03-15 18:19:23
PIDILITIND,2025-09-29 09:52:00,1477.8,1478.8,1477.8,1478.3,373,DHAN_HISTORY,2026-03-15 18:19:23
PIDILITIND,2025-09-29 09:53:00,1478.8,1478.8,1478.3,1478.3,1075,DHAN_HISTORY,2026-03-15 18:19:23
PIDILITIND,2025-09-29 09:54:00,1478.6,1478.8,1477.6,1478.8,355,DHAN_HISTORY,2026-03-15 18:19:23
PIDILITIND,2025-09-29 09:55:00,1478.8,1478.9,1477.6,1478.7,1605,DHAN_HISTORY,2026-03-15 18:19:23
PIDILITIND,2025-09-29 09:56:00,1478.9,1479.0,1478.0,1478.0,634,DHAN_HISTORY,2026-03-15 18:19:23
PIDILITIND,2025-09-29 09:57:00,1478.8,1479.0,1476.5,1477.3,1436,DHAN_HISTORY,2026-03-15 18:19:23
PIDILITIND,2025-09-29 09:58:00,1477.7,1478.9,1477.4,1478.9,241,DHAN_HISTORY,2026-03-15 18:19:23
PIDILITIND,2025-09-29 09:59:00,1478.0,1478.0,1476.2,1477.0,1879,DHAN_HISTORY,2026-03-15 18:19:23
PIDILITIND,2025-09-29 10:00:00,1477.0,1478.9,1477.0,1477.8,444,DHAN_HISTORY,2026-03-15 18:19:23
PIDILITIND,2025-09-29 10:01:00,1478.8,1479.5,1478.2,1479.2,105,DHAN_HISTORY,2026-03-15 18:19:23
PIDILITIND,2025-09-29 10:02:00,1479.1,1479.5,1478.1,1479.5,1007,DHAN_HISTORY,2026-03-15 18:19:23
PIDILITIND,2025-09-29 10:03:00,1479.4,1479.5,1478.6,1479.5,199,DHAN_HISTORY,2026-03-15 18:19:23
PIDILITIND,2025-09-29 10:04:00,1479.7,1479.7,1478.7,1479.0,187,DHAN_HISTORY,2026-03-15 18:19:23
PIDILITIND,2025-09-29 10:05:00,1478.9,1479.8,1477.1,1477.4,2405,DHAN_HISTORY,2026-03-15 18:19:23
PIDILITIND,2025-09-29 10:06:00,1478.1,1478.7,1477.4,1478.7,660,DHAN_HISTORY,2026-03-15 18:19:23
PIDILITIND,2025-09-29 10:07:00,1478.4,1478.7,1477.2,1478.2,1435,DHAN_HISTORY,2026-03-15 18:19:23
PIDILITIND,2025-09-29 10:08:00,1477.3,1478.0,1477.0,1477.4,189,DHAN_HISTORY,2026-03-15 18:19:23
PIDILITIND,2025-09-29 10:09:00,1476.8,1477.4,1476.2,1477.1,259,DHAN_HISTORY,2026-03-15 18:19:23
PIDILITIND,2025-09-29 10:10:00,1477.3,1478.2,1477.2,1478.2,928,DHAN_HISTORY,2026-03-15 18:19:23
PIDILITIND,2025-09-29 10:11:00,1478.2,1478.2,1475.0,1475.0,7353,DHAN_HISTORY,2026-03-15 18:19:23
PIDILITIND,2025-09-29 10:12:00,1475.0,1476.5,1475.0,1475.7,588,DHAN_HISTORY,2026-03-15 18:19:23
PIDILITIND,2025-09-29 10:13:00,1476.0,1476.4,1475.1,1476.2,461,DHAN_HISTORY,2026-03-15 18:19:23
PIDILITIND,2025-09-29 10:14:00,1476.7,1477.3,1475.8,1476.6,290,DHAN_HISTORY,2026-03-15 18:19:23
PIDILITIND,2025-09-29 10:15:00,1477.0,1477.8,1476.0,1476.0,361,DHAN_HISTORY,2026-03-15 18:19:23
PIDILITIND,2025-09-29 10:16:00,1476.4,1476.7,1476.4,1476.5,301,DHAN_HISTORY,2026-03-15 18:19:23
PIDILITIND,2025-09-29 10:17:00,1476.0,1476.9,1475.7,1475.9,259,DHAN_HISTORY,2026-03-15 18:19:23
PIDILITIND,2025-09-29 10:18:00,1476.4,1477.6,1475.9,1477.0,1274,DHAN_HISTORY,2026-03-15 18:19:23
PIDILITIND,2025-09-29 10:19:00,1477.5,1479.2,1477.5,1478.8,1156,DHAN_HISTORY,2026-03-15 18:19:23
PIDILITIND,2025-09-29 10:20:00,1478.6,1480.3,1478.1,1480.3,1507,DHAN_HISTORY,2026-03-15 18:19:23
PIDILITIND,2025-09-29 10:21:00,1480.1,1480.8,1479.0,1479.8,1110,DHAN_HISTORY,2026-03-15 18:19:23
PIDILITIND,2025-09-29 10:22:00,1478.9,1479.3,1477.0,1478.4,1636,DHAN_HISTORY,2026-03-15 18:19:23
PIDILITIND,2025-09-29 10:23:00,1479.1,1479.8,1478.4,1479.7,1390,DHAN_HISTORY,2026-03-15 18:19:23
PIDILITIND,2025-09-29 10:24:00,1478.8,1481.2,1478.8,1479.8,1716,DHAN_HISTORY,2026-03-15 18:19:23
PIDILITIND,2025-09-29 10:25:00,1480.7,1480.7,1479.0,1479.9,606,DHAN_HISTORY,2026-03-15 18:19:23
PIDILITIND,2025-09-29 10:26:00,1480.0,1480.1,1479.0,1479.9,104,DHAN_HISTORY,2026-03-15 18:19:23
PIDILITIND,2025-09-29 10:27:00,1479.8,1480.0,1478.0,1478.8,231,DHAN_HISTORY,2026-03-15 18:19:23
PIDILITIND,2025-09-29 10:28:00,1479.7,1479.7,1478.8,1479.0,120,DHAN_HISTORY,2026-03-15 18:19:23
PIDILITIND,2025-09-29 10:29:00,1479.7,1479.7,1478.0,1478.0,125,DHAN_HISTORY,2026-03-15 18:19:23
PIDILITIND,2025-09-29 10:30:00,1478.7,1479.3,1478.1,1478.7,83,DHAN_HISTORY,2026-03-15 18:19:23
PIDILITIND,2025-09-29 10:31:00,1478.7,1479.1,1476.5,1476.5,1870,DHAN_HISTORY,2026-03-15 18:19:23
PIDILITIND,2025-09-29 10:32:00,1477.7,1478.9,1476.8,1478.2,1465,DHAN_HISTORY,2026-03-15 18:19:23
PIDILITIND,2025-09-29 10:33:00,1478.2,1479.9,1477.8,1479.0,960,DHAN_HISTORY,2026-03-15 18:19:23
PIDILITIND,2025-09-29 10:34:00,1479.8,1479.9,1478.5,1478.5,235,DHAN_HISTORY,2026-03-15 18:19:23
PIDILITIND,2025-09-29 10:35:00,1478.7,1479.0,1477.8,1479.0,505,DHAN_HISTORY,2026-03-15 18:19:23
PIDILITIND,2025-09-29 10:36:00,1478.5,1479.6,1477.5,1478.3,1388,DHAN_HISTORY,2026-03-15 18:19:23
PIDILITIND,2025-09-29 10:37:00,1478.3,1479.0,1477.6,1479.0,768,DHAN_HISTORY,2026-03-15 18:19:23
PIDILITIND,2025-09-29 10:38:00,1478.1,1478.5,1477.7,1478.3,1442,DHAN_HISTORY,2026-03-15 18:19:23
PIDILITIND,2025-09-29 10:39:00,1478.3,1479.9,1477.2,1479.9,1267,DHAN_HISTORY,2026-03-15 18:19:23
PIDILITIND,2025-09-29 10:40:00,1480.0,1480.7,1479.1,1479.8,1127,DHAN_HISTORY,2026-03-15 18:19:23
PIDILITIND,2025-09-29 10:41:00,1479.1,1480.0,1477.3,1478.3,4088,DHAN_HISTORY,2026-03-15 18:19:23
PIDILITIND,2025-09-29 10:42:00,1477.3,1478.1,1477.3,1478.1,75,DHAN_HISTORY,2026-03-15 18:19:23
PIDILITIND,2025-09-29 10:43:00,1478.1,1478.4,1478.0,1478.4,235,DHAN_HISTORY,2026-03-15 18:19:23
PIDILITIND,2025-09-29 10:44:00,1478.3,1480.5,1478.3,1478.3,953,DHAN_HISTORY,2026-03-15 18:19:23
PIDILITIND,2025-09-29 10:45:00,1478.7,1479.3,1478.7,1479.2,76,DHAN_HISTORY,2026-03-15 18:19:23
PIDILITIND,2025-09-29 10:46:00,1480.5,1482.0,1480.4,1481.1,2090,DHAN_HISTORY,2026-03-15 18:19:23
PIDILITIND,2025-09-29 10:47:00,1481.1,1482.3,1479.9,1481.5,1580,DHAN_HISTORY,2026-03-15 18:19:23
PIDILITIND,2025-09-29 10:48:00,1481.3,1482.3,1480.0,1480.0,857,DHAN_HISTORY,2026-03-15 18:19:23
PIDILITIND,2025-09-29 10:49:00,1481.1,1482.4,1480.4,1480.4,218,DHAN_HISTORY,2026-03-15 18:19:23
PIDILITIND,2025-09-29 10:50:00,1481.3,1481.4,1477.5,1477.5,3855,DHAN_HISTORY,2026-03-15 18:19:23
PIDILITIND,2025-09-29 10:51:00,1479.2,1479.2,1477.5,1478.2,762,DHAN_HISTORY,2026-03-15 18:19:23
PIDILITIND,2025-09-29 10:52:00,1477.6,1477.6,1475.7,1476.8,1829,DHAN_HISTORY,2026-03-15 18:19:23
PIDILITIND,2025-09-29 10:53:00,1476.1,1477.0,1476.1,1477.0,4120,DHAN_HISTORY,2026-03-15 18:19:23
PIDILITIND,2025-09-29 10:54:00,1477.2,1477.2,1475.2,1476.8,4818,DHAN_HISTORY,2026-03-15 18:19:23
PIDILITIND,2025-09-29 10:55:00,1476.9,1477.0,1475.5,1477.0,4907,DHAN_HISTORY,2026-03-15 18:19:23
PIDILITIND,2025-09-29 10:56:00,1477.0,1477.1,1475.2,1475.7,3252,DHAN_HISTORY,2026-03-15 18:19:23
PIDILITIND,2025-09-29 10:57:00,1476.4,1476.5,1475.5,1475.8,122,DHAN_HISTORY,2026-03-15 18:19:23
PIDILITIND,2025-09-29 10:58:00,1476.1,1477.0,1476.0,1477.0,1003,DHAN_HISTORY,2026-03-15 18:19:23
PIDILITIND,2025-09-29 10:59:00,1477.0,1477.0,1475.1,1475.8,1399,DHAN_HISTORY,2026-03-15 18:19:23
PIDILITIND,2025-09-29 11:00:00,1476.5,1476.5,1476.0,1476.5,325,DHAN_HISTORY,2026-03-15 18:19:23
PIDILITIND,2025-09-29 11:01:00,1476.5,1477.0,1476.0,1476.9,192,DHAN_HISTORY,2026-03-15 18:19:23
PIDILITIND,2025-09-29 11:02:00,1476.7,1477.0,1476.7,1477.0,139,DHAN_HISTORY,2026-03-15 18:19:23
PIDILITIND,2025-09-29 11:03:00,1477.0,1477.0,1475.1,1475.8,566,DHAN_HISTORY,2026-03-15 18:19:23
PIDILITIND,2025-09-29 11:04:00,1475.9,1476.2,1475.2,1475.9,261,DHAN_HISTORY,2026-03-15 18:19:23
PIDILITIND,2025-09-29 11:05:00,1476.0,1476.2,1475.1,1475.4,414,DHAN_HISTORY,2026-03-15 18:19:23
PIDILITIND,2025-09-29 11:06:00,1475.3,1475.9,1475.1,1475.9,1179,DHAN_HISTORY,2026-03-15 18:19:23
PIDILITIND,2025-09-29 11:07:00,1475.4,1476.2,1475.3,1475.8,1202,DHAN_HISTORY,2026-03-15 18:19:23
PIDILITIND,2025-09-29 11:08:00,1475.8,1476.4,1475.8,1476.1,138,DHAN_HISTORY,2026-03-15 18:19:23
PIDILITIND,2025-09-29 11:09:00,1476.2,1476.2,1476.1,1476.1,59,DHAN_HISTORY,2026-03-15 18:19:23
PIDILITIND,2025-09-29 11:10:00,1476.2,1476.2,1475.7,1475.9,827,DHAN_HISTORY,2026-03-15 18:19:23
PIDILITIND,2025-09-29 11:11:00,1475.9,1475.9,1475.2,1475.2,495,DHAN_HISTORY,2026-03-15 18:19:23
PIDILITIND,2025-09-29 11:12:00,1475.6,1475.6,1475.6,1475.6,56,DHAN_HISTORY,2026-03-15 18:19:23
PIDILITIND,2025-09-29 11:13:00,1475.8,1475.8,1475.6,1475.6,130,DHAN_HISTORY,2026-03-15 18:19:23
PIDILITIND,2025-09-29 11:14:00,1475.6,1475.7,1474.2,1475.0,2390,DHAN_HISTORY,2026-03-15 18:19:23
PIDILITIND,2025-09-29 11:15:00,1475.1,1475.1,1473.9,1474.9,1289,DHAN_HISTORY,2026-03-15 18:19:23
PIDILITIND,2025-09-29 11:16:00,1474.0,1474.7,1473.9,1474.5,350,DHAN_HISTORY,2026-03-15 18:19:23
PIDILITIND,2025-09-29 11:17:00,1474.5,1474.7,1474.5,1474.5,168,DHAN_HISTORY,2026-03-15 18:19:23
PIDILITIND,2025-09-29 11:18:00,1474.4,1474.4,1474.0,1474.3,42,DHAN_HISTORY,2026-03-15 18:19:23
PIDILITIND,2025-09-29 11:19:00,1474.2,1474.3,1474.0,1474.0,94,DHAN_HISTORY,2026-03-15 18:19:23
PIDILITIND,2025-09-29 11:20:00,1474.3,1474.4,1474.0,1474.4,504,DHAN_HISTORY,2026-03-15 18:19:23
PIDILITIND,2025-09-29 11:21:00,1474.0,1474.0,1473.1,1473.1,471,DHAN_HISTORY,2026-03-15 18:19:23
PIDILITIND,2025-09-29 11:22:00,1473.9,1474.8,1473.2,1474.8,900,DHAN_HISTORY,2026-03-15 18:19:23
PIDILITIND,2025-09-29 11:23:00,1474.8,1474.8,1474.0,1474.5,1241,DHAN_HISTORY,2026-03-15 18:19:23
PIDILITIND,2025-09-29 11:24:00,1473.9,1474.4,1473.4,1474.4,152,DHAN_HISTORY,2026-03-15 18:19:23
PIDILITIND,2025-09-29 11:25:00,1474.3,1474.3,1474.0,1474.0,23,DHAN_HISTORY,2026-03-15 18:19:23
PIDILITIND,2025-09-29 11:26:00,1474.3,1474.3,1473.5,1474.3,89,DHAN_HISTORY,2026-03-15 18:19:23
PIDILITIND,2025-09-29 11:27:00,1474.3,1474.3,1473.5,1473.5,107,DHAN_HISTORY,2026-03-15 18:19:23
PIDILITIND,2025-09-29 11:28:00,1474.3,1474.6,1473.5,1474.3,768,DHAN_HISTORY,2026-03-15 18:19:23
PIDILITIND,2025-09-29 11:29:00,1474.6,1474.6,1474.6,1474.6,34,DHAN_HISTORY,2026-03-15 18:19:23
PIDILITIND,2025-09-29 11:30:00,1474.6,1474.6,1473.7,1474.2,33,DHAN_HISTORY,2026-03-15 18:19:23
PIDILITIND,2025-09-29 11:31:00,1473.5,1474.2,1473.1,1473.3,226,DHAN_HISTORY,2026-03-15 18:19:23
PIDILITIND,2025-09-29 11:32:00,1473.8,1474.0,1473.0,1473.0,636,DHAN_HISTORY,2026-03-15 18:19:23
PIDILITIND,2025-09-29 11:33:00,1473.0,1473.0,1473.0,1473.0,349,DHAN_HISTORY,2026-03-15 18:19:23
PIDILITIND,2025-09-29 11:34:00,1473.5,1473.7,1473.0,1473.7,50,DHAN_HISTORY,2026-03-15 18:19:23
PIDILITIND,2025-09-29 11:35:00,1473.4,1473.4,1472.1,1472.1,612,DHAN_HISTORY,2026-03-15 18:19:23
PIDILITIND,2025-09-29 11:36:00,1472.7,1472.7,1472.6,1472.7,69,DHAN_HISTORY,2026-03-15 18:19:23
PIDILITIND,2025-09-29 11:37:00,1472.1,1472.6,1472.0,1472.2,343,DHAN_HISTORY,2026-03-15 18:19:23
PIDILITIND,2025-09-29 11:38:00,1472.0,1472.0,1470.7,1470.7,373,DHAN_HISTORY,2026-03-15 18:19:23
PIDILITIND,2025-09-29 11:39:00,1470.7,1471.3,1470.0,1470.8,1485,DHAN_HISTORY,2026-03-15 18:19:23
PIDILITIND,2025-09-29 11:40:00,1471.9,1472.0,1470.9,1471.9,641,DHAN_HISTORY,2026-03-15 18:19:23
PIDILITIND,2025-09-29 11:41:00,1471.8,1472.0,1468.3,1470.0,4947,DHAN_HISTORY,2026-03-15 18:19:23
PIDILITIND,2025-09-29 11:42:00,1470.3,1471.3,1469.5,1471.3,315,DHAN_HISTORY,2026-03-15 18:19:23
PIDILITIND,2025-09-29 11:43:00,1470.3,1471.1,1469.0,1469.6,1202,DHAN_HISTORY,2026-03-15 18:19:23
PIDILITIND,2025-09-29 11:44:00,1469.7,1469.7,1469.0,1469.7,340,DHAN_HISTORY,2026-03-15 18:19:23
PIDILITIND,2025-09-29 11:45:00,1469.0,1470.0,1469.0,1469.7,225,DHAN_HISTORY,2026-03-15 18:19:23
PIDILITIND,2025-09-29 11:46:00,1469.0,1469.9,1469.0,1469.6,198,DHAN_HISTORY,2026-03-15 18:19:23
PIDILITIND,2025-09-29 11:47:00,1469.0,1469.9,1469.0,1469.5,52,DHAN_HISTORY,2026-03-15 18:19:23
PIDILITIND,2025-09-29 11:48:00,1469.0,1469.5,1468.2,1469.1,614,DHAN_HISTORY,2026-03-15 18:19:23
PIDILITIND,2025-09-29 11:49:00,1469.1,1470.0,1468.9,1469.0,124,DHAN_HISTORY,2026-03-15 18:19:23
PIDILITIND,2025-09-29 11:50:00,1469.7,1470.0,1469.2,1469.2,125,DHAN_HISTORY,2026-03-15 18:19:23
PIDILITIND,2025-09-29 11:51:00,1469.8,1469.8,1468.9,1468.9,27,DHAN_HISTORY,2026-03-15 18:19:23
PIDILITIND,2025-09-29 11:52:00,1469.8,1469.9,1468.8,1468.9,363,DHAN_HISTORY,2026-03-15 18:19:23
PIDILITIND,2025-09-29 11:53:00,1468.7,1469.7,1468.7,1469.0,266,DHAN_HISTORY,2026-03-15 18:19:23
PIDILITIND,2025-09-29 11:54:00,1469.6,1469.6,1469.0,1469.5,10,DHAN_HISTORY,2026-03-15 18:19:23
PIDILITIND,2025-09-29 11:55:00,1469.0,1469.0,1468.0,1468.1,245,DHAN_HISTORY,2026-03-15 18:19:23
PIDILITIND,2025-09-29 11:56:00,1468.8,1468.8,1468.2,1468.8,100,DHAN_HISTORY,2026-03-15 18:19:23
PIDILITIND,2025-09-29 11:57:00,1468.3,1468.8,1468.3,1468.3,30,DHAN_HISTORY,2026-03-15 18:19:23
PIDILITIND,2025-09-29 11:58:00,1468.6,1468.8,1468.6,1468.8,206,DHAN_HISTORY,2026-03-15 18:19:23
PIDILITIND,2025-09-29 11:59:00,1468.8,1468.8,1467.6,1468.4,453,DHAN_HISTORY,2026-03-15 18:19:23
PIDILITIND,2025-09-29 12:00:00,1468.3,1469.9,1468.3,1469.9,373,DHAN_HISTORY,2026-03-15 18:19:23
PIDILITIND,2025-09-29 12:01:00,1469.7,1469.9,1467.3,1468.6,1324,DHAN_HISTORY,2026-03-15 18:19:23
PIDILITIND,2025-09-29 12:02:00,1468.6,1468.7,1467.4,1468.7,327,DHAN_HISTORY,2026-03-15 18:19:23
PIDILITIND,2025-09-29 12:03:00,1468.0,1468.5,1467.8,1468.4,130,DHAN_HISTORY,2026-03-15 18:19:23
PIDILITIND,2025-09-29 12:04:00,1468.0,1468.0,1467.5,1468.0,7203,DHAN_HISTORY,2026-03-15 18:19:23
PIDILITIND,2025-09-29 12:05:00,1468.0,1468.0,1467.0,1467.4,10032,DHAN_HISTORY,2026-03-15 18:19:23
PIDILITIND,2025-09-29 12:06:00,1467.8,1467.8,1467.0,1467.0,590,DHAN_HISTORY,2026-03-15 18:19:23
PIDILITIND,2025-09-29 12:07:00,1467.0,1467.0,1466.1,1466.6,199,DHAN_HISTORY,2026-03-15 18:19:23
PIDILITIND,2025-09-29 12:08:00,1466.7,1466.7,1466.1,1466.5,422,DHAN_HISTORY,2026-03-15 18:19:23
PIDILITIND,2025-09-29 12:09:00,1466.1,1466.5,1465.7,1465.8,584,DHAN_HISTORY,2026-03-15 18:19:23
PIDILITIND,2025-09-29 12:10:00,1465.6,1466.3,1465.6,1466.3,154,DHAN_HISTORY,2026-03-15 18:19:23
PIDILITIND,2025-09-29 12:11:00,1466.4,1466.5,1465.6,1466.3,115,DHAN_HISTORY,2026-03-15 18:19:23
PIDILITIND,2025-09-29 12:12:00,1465.6,1466.5,1465.5,1465.5,544,DHAN_HISTORY,2026-03-15 18:19:23
PIDILITIND,2025-09-29 12:13:00,1465.5,1466.1,1463.0,1464.2,1158,DHAN_HISTORY,2026-03-15 18:19:23
PIDILITIND,2025-09-29 12:14:00,1464.3,1465.6,1464.1,1465.5,199,DHAN_HISTORY,2026-03-15 18:19:23
PIDILITIND,2025-09-29 12:15:00,1465.5,1466.7,1465.4,1466.7,337,DHAN_HISTORY,2026-03-15 18:19:23
PIDILITIND,2025-09-29 12:16:00,1467.0,1467.0,1464.3,1465.5,2421,DHAN_HISTORY,2026-03-15 18:19:23
PIDILITIND,2025-09-29 12:17:00,1465.0,1465.4,1464.6,1464.7,263,DHAN_HISTORY,2026-03-15 18:19:23
PIDILITIND,2025-09-29 12:18:00,1465.0,1465.8,1465.0,1465.7,537,DHAN_HISTORY,2026-03-15 18:19:23
PIDILITIND,2025-09-29 12:19:00,1465.7,1465.7,1464.9,1465.0,189,DHAN_HISTORY,2026-03-15 18:19:23
PIDILITIND,2025-09-29 12:20:00,1464.8,1465.0,1464.7,1464.7,2128,DHAN_HISTORY,2026-03-15 18:19:23
PIDILITIND,2025-09-29 12:21:00,1464.6,1465.2,1464.6,1465.2,106,DHAN_HISTORY,2026-03-15 18:19:23
PIDILITIND,2025-09-29 12:22:00,1465.2,1465.5,1465.0,1465.1,340,DHAN_HISTORY,2026-03-15 18:19:23
PIDILITIND,2025-09-29 12:23:00,1465.5,1465.6,1462.1,1463.5,2812,DHAN_HISTORY,2026-03-15 18:19:23
PIDILITIND,2025-09-29 12:24:00,1464.2,1464.4,1463.3,1464.4,410,DHAN_HISTORY,2026-03-15 18:19:23
PIDILITIND,2025-09-29 12:25:00,1463.3,1463.9,1462.5,1463.2,307,DHAN_HISTORY,2026-03-15 18:19:23
PIDILITIND,2025-09-29 12:26:00,1462.8,1464.6,1462.8,1464.6,167,DHAN_HISTORY,2026-03-15 18:19:23
PIDILITIND,2025-09-29 12:27:00,1464.7,1464.7,1463.5,1464.5,211,DHAN_HISTORY,2026-03-15 18:19:23
PIDILITIND,2025-09-29 12:28:00,1464.7,1465.3,1464.5,1465.0,129,DHAN_HISTORY,2026-03-15 18:19:23
PIDILITIND,2025-09-29 12:29:00,1464.3,1464.3,1463.9,1464.0,187,DHAN_HISTORY,2026-03-15 18:19:23
PIDILITIND,2025-09-29 12:30:00,1464.8,1464.8,1464.8,1464.8,1,DHAN_HISTORY,2026-03-15 18:19:23
PIDILITIND,2025-09-29 12:31:00,1464.8,1464.8,1462.6,1463.6,142,DHAN_HISTORY,2026-03-15 18:19:23
PIDILITIND,2025-09-29 12:32:00,1463.0,1463.7,1462.8,1463.5,39,DHAN_HISTORY,2026-03-15 18:19:23
PIDILITIND,2025-09-29 12:33:00,1463.5,1463.8,1463.1,1463.1,236,DHAN_HISTORY,2026-03-15 18:19:23
PIDILITIND,2025-09-29 12:34:00,1463.5,1464.0,1463.4,1463.9,395,DHAN_HISTORY,2026-03-15 18:19:23
PIDILITIND,2025-09-29 12:35:00,1462.8,1462.8,1461.6,1462.5,1495,DHAN_HISTORY,2026-03-15 18:19:23
PIDILITIND,2025-09-29 12:36:00,1462.9,1463.0,1462.5,1462.5,85,DHAN_HISTORY,2026-03-15 18:19:23
PIDILITIND,2025-09-29 12:37:00,1462.5,1463.0,1461.5,1461.9,548,DHAN_HISTORY,2026-03-15 18:19:23
PIDILITIND,2025-09-29 12:38:00,1461.5,1461.9,1461.5,1461.9,29,DHAN_HISTORY,2026-03-15 18:19:23
PIDILITIND,2025-09-29 12:39:00,1461.9,1461.9,1460.4,1460.8,1272,DHAN_HISTORY,2026-03-15 18:19:23
PIDILITIND,2025-09-29 12:40:00,1461.4,1461.7,1460.7,1461.7,371,DHAN_HISTORY,2026-03-15 18:19:23
PIDILITIND,2025-09-29 12:41:00,1461.7,1461.7,1461.4,1461.7,77,DHAN_HISTORY,2026-03-15 18:19:23
PIDILITIND,2025-09-29 12:42:00,1461.7,1461.9,1461.1,1461.9,285,DHAN_HISTORY,2026-03-15 18:19:23
PIDILITIND,2025-09-29 12:43:00,1461.8,1462.3,1461.8,1461.8,49,DHAN_HISTORY,2026-03-15 18:19:23
PIDILITIND,2025-09-29 12:44:00,1462.1,1462.1,1462.0,1462.0,104,DHAN_HISTORY,2026-03-15 18:19:23
PIDILITIND,2025-09-29 12:45:00,1461.7,1462.1,1460.9,1460.9,1124,DHAN_HISTORY,2026-03-15 18:19:23
PIDILITIND,2025-09-29 12:46:00,1460.6,1460.9,1460.0,1460.3,733,DHAN_HISTORY,2026-03-15 18:19:23
PIDILITIND,2025-09-29 12:47:00,1461.0,1461.7,1461.0,1461.6,236,DHAN_HISTORY,2026-03-15 18:19:23
PIDILITIND,2025-09-29 12:48:00,1461.0,1461.6,1460.5,1460.5,205,DHAN_HISTORY,2026-03-15 18:19:23
PIDILITIND,2025-09-29 12:49:00,1461.5,1461.5,1460.0,1460.2,880,DHAN_HISTORY,2026-03-15 18:19:23
PIDILITIND,2025-09-29 12:50:00,1460.2,1460.9,1460.2,1460.9,359,DHAN_HISTORY,2026-03-15 18:19:23
PIDILITIND,2025-09-29 12:51:00,1460.6,1460.9,1460.6,1460.6,23,DHAN_HISTORY,2026-03-15 18:19:23
PIDILITIND,2025-09-29 12:52:00,1460.9,1460.9,1460.2,1460.7,163,DHAN_HISTORY,2026-03-15 18:19:23
PIDILITIND,2025-09-29 12:53:00,1460.2,1460.7,1460.2,1460.7,155,DHAN_HISTORY,2026-03-15 18:19:23
PIDILITIND,2025-09-29 12:54:00,1460.7,1460.9,1460.7,1460.9,208,DHAN_HISTORY,2026-03-15 18:19:23
PIDILITIND,2025-09-29 12:55:00,1460.9,1461.6,1460.5,1461.3,201,DHAN_HISTORY,2026-03-15 18:19:23
PIDILITIND,2025-09-29 12:56:00,1460.4,1461.2,1460.0,1460.8,442,DHAN_HISTORY,2026-03-15 18:19:23
PIDILITIND,2025-09-29 12:57:00,1460.0,1461.3,1459.8,1461.3,150,DHAN_HISTORY,2026-03-15 18:19:23
PIDILITIND,2025-09-29 12:58:00,1461.3,1461.4,1460.9,1461.4,123,DHAN_HISTORY,2026-03-15 18:19:23
PIDILITIND,2025-09-29 12:59:00,1461.5,1461.8,1461.5,1461.7,329,DHAN_HISTORY,2026-03-15 18:19:23
PIDILITIND,2025-09-29 13:00:00,1461.6,1462.0,1461.0,1461.8,171,DHAN_HISTORY,2026-03-15 18:19:23
PIDILITIND,2025-09-29 13:01:00,1461.8,1463.5,1461.8,1463.5,9276,DHAN_HISTORY,2026-03-15 18:19:23
PIDILITIND,2025-09-29 13:02:00,1463.7,1464.6,1461.1,1461.1,3333,DHAN_HISTORY,2026-03-15 18:19:23
PIDILITIND,2025-09-29 13:03:00,1462.0,1464.0,1462.0,1464.0,125,DHAN_HISTORY,2026-03-15 18:19:23
PIDILITIND,2025-09-29 13:04:00,1464.1,1464.7,1462.7,1462.8,1234,DHAN_HISTORY,2026-03-15 18:19:23
PIDILITIND,2025-09-29 13:05:00,1463.5,1463.5,1463.0,1463.0,190,DHAN_HISTORY,2026-03-15 18:19:23
PIDILITIND,2025-09-29 13:06:00,1463.0,1463.3,1462.5,1462.5,908,DHAN_HISTORY,2026-03-15 18:19:23
PIDILITIND,2025-09-29 13:07:00,1462.5,1462.9,1462.0,1462.1,1557,DHAN_HISTORY,2026-03-15 18:19:23
PIDILITIND,2025-09-29 13:08:00,1461.3,1463.2,1460.3,1462.4,2928,DHAN_HISTORY,2026-03-15 18:19:23
PIDILITIND,2025-09-29 13:09:00,1462.0,1462.5,1461.1,1462.3,845,DHAN_HISTORY,2026-03-15 18:19:23
PIDILITIND,2025-09-29 13:10:00,1461.5,1462.7,1461.5,1462.2,854,DHAN_HISTORY,2026-03-15 18:19:23
PIDILITIND,2025-09-29 13:11:00,1462.3,1462.9,1462.2,1462.4,1158,DHAN_HISTORY,2026-03-15 18:19:23
PIDILITIND,2025-09-29 13:12:00,1462.9,1464.0,1462.4,1463.7,1088,DHAN_HISTORY,2026-03-15 18:19:23
PIDILITIND,2025-09-29 13:13:00,1462.6,1463.6,1462.6,1463.1,652,DHAN_HISTORY,2026-03-15 18:19:23
PIDILITIND,2025-09-29 13:14:00,1463.2,1464.3,1463.1,1464.3,557,DHAN_HISTORY,2026-03-15 18:19:23
PIDILITIND,2025-09-29 13:15:00,1464.0,1464.0,1462.2,1463.0,1707,DHAN_HISTORY,2026-03-15 18:19:23
PIDILITIND,2025-09-29 13:16:00,1463.7,1464.1,1463.0,1463.0,415,DHAN_HISTORY,2026-03-15 18:19:23
PIDILITIND,2025-09-29 13:17:00,1463.6,1464.7,1463.2,1464.6,379,DHAN_HISTORY,2026-03-15 18:19:23
PIDILITIND,2025-09-29 13:18:00,1464.6,1466.0,1464.3,1465.9,1119,DHAN_HISTORY,2026-03-15 18:19:23
PIDILITIND,2025-09-29 13:19:00,1465.9,1466.0,1465.1,1466.0,367,DHAN_HISTORY,2026-03-15 18:19:23
PIDILITIND,2025-09-29 13:20:00,1466.0,1468.0,1465.3,1467.9,1246,DHAN_HISTORY,2026-03-15 18:19:23
PIDILITIND,2025-09-29 13:21:00,1468.0,1468.0,1465.3,1465.8,1954,DHAN_HISTORY,2026-03-15 18:19:23
PIDILITIND,2025-09-29 13:22:00,1465.8,1467.2,1465.4,1466.1,1200,DHAN_HISTORY,2026-03-15 18:19:23
PIDILITIND,2025-09-29 13:23:00,1466.1,1466.5,1465.7,1466.1,244,DHAN_HISTORY,2026-03-15 18:19:23
PIDILITIND,2025-09-29 13:24:00,1466.1,1468.0,1466.1,1467.3,342,DHAN_HISTORY,2026-03-15 18:19:23
PIDILITIND,2025-09-29 13:25:00,1467.2,1467.3,1464.5,1464.5,5636,DHAN_HISTORY,2026-03-15 18:19:23
PIDILITIND,2025-09-29 13:26:00,1465.0,1468.0,1464.9,1466.8,17205,DHAN_HISTORY,2026-03-15 18:19:23
PIDILITIND,2025-09-29 13:27:00,1466.9,1468.0,1465.9,1467.7,984,DHAN_HISTORY,2026-03-15 18:19:23
PIDILITIND,2025-09-29 13:28:00,1467.6,1467.8,1465.0,1466.4,6752,DHAN_HISTORY,2026-03-15 18:19:23
PIDILITIND,2025-09-29 13:29:00,1467.4,1468.0,1466.5,1467.2,1318,DHAN_HISTORY,2026-03-15 18:19:23
PIDILITIND,2025-09-29 13:30:00,1467.4,1468.0,1466.6,1467.5,3316,DHAN_HISTORY,2026-03-15 18:19:23
PIDILITIND,2025-09-29 13:31:00,1468.0,1468.0,1467.1,1467.3,892,DHAN_HISTORY,2026-03-15 18:19:23
PIDILITIND,2025-09-29 13:32:00,1468.0,1468.0,1467.0,1467.0,687,DHAN_HISTORY,2026-03-15 18:19:23
PIDILITIND,2025-09-29 13:33:00,1467.5,1468.0,1467.1,1467.4,1080,DHAN_HISTORY,2026-03-15 18:19:23
PIDILITIND,2025-09-29 13:34:00,1468.0,1468.0,1467.4,1468.0,241,DHAN_HISTORY,2026-03-15 18:19:23
PIDILITIND,2025-09-29 13:35:00,1468.0,1468.0,1467.0,1467.9,898,DHAN_HISTORY,2026-03-15 18:19:23
PIDILITIND,2025-09-29 13:36:00,1467.9,1467.9,1467.0,1467.0,1406,DHAN_HISTORY,2026-03-15 18:19:23
PIDILITIND,2025-09-29 13:37:00,1467.7,1468.1,1467.1,1468.0,621,DHAN_HISTORY,2026-03-15 18:19:23
PIDILITIND,2025-09-29 13:38:00,1468.0,1468.0,1467.1,1468.0,339,DHAN_HISTORY,2026-03-15 18:19:23
PIDILITIND,2025-09-29 13:39:00,1468.0,1468.0,1467.0,1467.8,267,DHAN_HISTORY,2026-03-15 18:19:23
PIDILITIND,2025-09-29 13:40:00,1467.8,1468.0,1467.0,1467.0,443,DHAN_HISTORY,2026-03-15 18:19:23
PIDILITIND,2025-09-29 13:41:00,1467.8,1467.8,1467.0,1467.0,1012,DHAN_HISTORY,2026-03-15 18:19:23
PIDILITIND,2025-09-29 13:42:00,1467.5,1467.8,1467.1,1467.1,240,DHAN_HISTORY,2026-03-15 18:19:23
PIDILITIND,2025-09-29 13:43:00,1467.8,1467.8,1467.0,1467.7,311,DHAN_HISTORY,2026-03-15 18:19:23
PIDILITIND,2025-09-29 13:44:00,1467.7,1467.7,1466.2,1466.5,1628,DHAN_HISTORY,2026-03-15 18:19:23
PIDILITIND,2025-09-29 13:45:00,1467.3,1468.1,1466.5,1467.8,4501,DHAN_HISTORY,2026-03-15 18:19:23
PIDILITIND,2025-09-29 13:46:00,1468.0,1468.0,1467.0,1467.9,1805,DHAN_HISTORY,2026-03-15 18:19:23
PIDILITIND,2025-09-29 13:47:00,1467.9,1468.0,1466.8,1467.6,409,DHAN_HISTORY,2026-03-15 18:19:23
PIDILITIND,2025-09-29 13:48:00,1467.7,1468.0,1466.7,1467.9,829,DHAN_HISTORY,2026-03-15 18:19:23
PIDILITIND,2025-09-29 13:49:00,1467.6,1467.8,1466.5,1467.8,1574,DHAN_HISTORY,2026-03-15 18:19:23
PIDILITIND,2025-09-29 13:50:00,1467.0,1467.3,1465.5,1466.7,985,DHAN_HISTORY,2026-03-15 18:19:23
PIDILITIND,2025-09-29 13:51:00,1467.5,1467.9,1466.3,1467.6,1039,DHAN_HISTORY,2026-03-15 18:19:23
PIDILITIND,2025-09-29 13:52:00,1467.6,1468.0,1467.3,1467.4,894,DHAN_HISTORY,2026-03-15 18:19:23
PIDILITIND,2025-09-29 13:53:00,1468.0,1468.0,1468.0,1468.0,213,DHAN_HISTORY,2026-03-15 18:19:23
PIDILITIND,2025-09-29 13:54:00,1468.0,1468.0,1467.3,1467.3,793,DHAN_HISTORY,2026-03-15 18:19:23
PIDILITIND,2025-09-29 13:55:00,1468.0,1468.0,1467.2,1467.2,303,DHAN_HISTORY,2026-03-15 18:19:23
PIDILITIND,2025-09-29 13:56:00,1467.4,1467.9,1467.0,1467.9,247,DHAN_HISTORY,2026-03-15 18:19:23
PIDILITIND,2025-09-29 13:57:00,1467.7,1467.8,1466.2,1467.2,1742,DHAN_HISTORY,2026-03-15 18:19:23
PIDILITIND,2025-09-29 13:58:00,1467.2,1467.2,1465.9,1467.0,920,DHAN_HISTORY,2026-03-15 18:19:23
PIDILITIND,2025-09-29 13:59:00,1467.0,1467.0,1465.3,1466.4,1416,DHAN_HISTORY,2026-03-15 18:19:23
PIDILITIND,2025-09-29 14:00:00,1466.7,1467.3,1466.6,1467.2,561,DHAN_HISTORY,2026-03-15 18:19:23
PIDILITIND,2025-09-29 14:01:00,1467.3,1467.6,1466.4,1466.5,645,DHAN_HISTORY,2026-03-15 18:19:23
PIDILITIND,2025-09-29 14:02:00,1467.1,1468.0,1467.1,1468.0,225,DHAN_HISTORY,2026-03-15 18:19:23
PIDILITIND,2025-09-29 14:03:00,1468.0,1468.0,1467.0,1467.8,442,DHAN_HISTORY,2026-03-15 18:19:23
PIDILITIND,2025-09-29 14:04:00,1467.8,1467.8,1466.4,1466.5,1614,DHAN_HISTORY,2026-03-15 18:19:23
PIDILITIND,2025-09-29 14:05:00,1467.5,1467.8,1466.8,1467.1,1030,DHAN_HISTORY,2026-03-15 18:19:23
PIDILITIND,2025-09-29 14:06:00,1467.9,1468.0,1467.5,1467.8,1503,DHAN_HISTORY,2026-03-15 18:19:23
PIDILITIND,2025-09-29 14:07:00,1468.0,1468.0,1466.0,1466.1,21987,DHAN_HISTORY,2026-03-15 18:19:23
PIDILITIND,2025-09-29 14:08:00,1466.8,1467.0,1466.0,1466.0,380,DHAN_HISTORY,2026-03-15 18:19:23
PIDILITIND,2025-09-29 14:09:00,1466.9,1467.6,1466.9,1467.4,275,DHAN_HISTORY,2026-03-15 18:19:23
PIDILITIND,2025-09-29 14:10:00,1467.4,1467.7,1466.9,1467.7,305,DHAN_HISTORY,2026-03-15 18:19:23
PIDILITIND,2025-09-29 14:11:00,1467.6,1468.0,1467.4,1468.0,352,DHAN_HISTORY,2026-03-15 18:19:23
PIDILITIND,2025-09-29 14:12:00,1468.0,1468.0,1467.7,1467.7,256,DHAN_HISTORY,2026-03-15 18:19:23
PIDILITIND,2025-09-29 14:13:00,1467.7,1468.0,1464.9,1466.5,48014,DHAN_HISTORY,2026-03-15 18:19:23
PIDILITIND,2025-09-29 14:14:00,1466.7,1467.3,1465.0,1465.9,30524,DHAN_HISTORY,2026-03-15 18:19:23
PIDILITIND,2025-09-29 14:15:00,1466.8,1467.9,1466.8,1467.6,1477,DHAN_HISTORY,2026-03-15 18:19:23
PIDILITIND,2025-09-29 14:16:00,1467.5,1467.6,1466.2,1467.6,358,DHAN_HISTORY,2026-03-15 18:19:23
PIDILITIND,2025-09-29 14:17:00,1467.6,1468.0,1467.1,1467.1,3275,DHAN_HISTORY,2026-03-15 18:19:23
PIDILITIND,2025-09-29 14:18:00,1467.1,1468.0,1466.7,1468.0,5645,DHAN_HISTORY,2026-03-15 18:19:23
PIDILITIND,2025-09-29 14:19:00,1467.8,1468.0,1467.5,1468.0,7124,DHAN_HISTORY,2026-03-15 18:19:23
PIDILITIND,2025-09-29 14:20:00,1468.0,1468.0,1466.3,1468.0,1978,DHAN_HISTORY,2026-03-15 18:19:23
PIDILITIND,2025-09-29 14:21:00,1468.0,1468.0,1467.2,1467.5,996,DHAN_HISTORY,2026-03-15 18:19:23
PIDILITIND,2025-09-29 14:22:00,1467.9,1468.0,1467.9,1467.9,922,DHAN_HISTORY,2026-03-15 18:19:23
PIDILITIND,2025-09-29 14:23:00,1467.9,1468.0,1467.8,1468.0,404,DHAN_HISTORY,2026-03-15 18:19:23
PIDILITIND,2025-09-29 14:24:00,1468.0,1468.1,1467.8,1468.0,1566,DHAN_HISTORY,2026-03-15 18:19:23
PIDILITIND,2025-09-29 14:25:00,1468.0,1469.1,1467.0,1467.6,16058,DHAN_HISTORY,2026-03-15 18:19:23
PIDILITIND,2025-09-29 14:26:00,1467.6,1468.0,1467.1,1467.1,507,DHAN_HISTORY,2026-03-15 18:19:23
PIDILITIND,2025-09-29 14:27:00,1467.8,1468.0,1467.1,1467.8,838,DHAN_HISTORY,2026-03-15 18:19:23
PIDILITIND,2025-09-29 14:28:00,1467.8,1470.1,1466.5,1466.7,23865,DHAN_HISTORY,2026-03-15 18:19:23
PIDILITIND,2025-09-29 14:29:00,1467.3,1467.9,1467.2,1467.3,1026,DHAN_HISTORY,2026-03-15 18:19:23
PIDILITIND,2025-09-29 14:30:00,1467.6,1467.9,1466.3,1466.3,2404,DHAN_HISTORY,2026-03-15 18:19:23
PIDILITIND,2025-09-29 14:31:00,1467.0,1468.0,1466.1,1467.6,1675,DHAN_HISTORY,2026-03-15 18:19:23
PIDILITIND,2025-09-29 14:32:00,1468.0,1468.0,1467.4,1467.7,2452,DHAN_HISTORY,2026-03-15 18:19:23
PIDILITIND,2025-09-29 14:33:00,1467.9,1468.0,1467.7,1468.0,794,DHAN_HISTORY,2026-03-15 18:19:23
PIDILITIND,2025-09-29 14:34:00,1468.0,1468.0,1466.1,1467.8,3685,DHAN_HISTORY,2026-03-15 18:19:23
PIDILITIND,2025-09-29 14:35:00,1467.8,1467.8,1466.7,1466.7,2787,DHAN_HISTORY,2026-03-15 18:19:23
PIDILITIND,2025-09-29 14:36:00,1466.5,1467.1,1466.5,1466.7,1625,DHAN_HISTORY,2026-03-15 18:19:23
PIDILITIND,2025-09-29 14:37:00,1466.9,1467.2,1465.1,1466.4,5790,DHAN_HISTORY,2026-03-15 18:19:23
PIDILITIND,2025-09-29 14:38:00,1466.5,1466.7,1465.6,1466.5,2618,DHAN_HISTORY,2026-03-15 18:19:23
PIDILITIND,2025-09-29 14:39:00,1466.6,1467.1,1466.1,1466.9,3156,DHAN_HISTORY,2026-03-15 18:19:23
PIDILITIND,2025-09-29 14:40:00,1466.8,1467.9,1466.7,1467.0,5601,DHAN_HISTORY,2026-03-15 18:19:23
PIDILITIND,2025-09-29 14:41:00,1467.0,1467.5,1466.3,1467.3,1156,DHAN_HISTORY,2026-03-15 18:19:23
PIDILITIND,2025-09-29 14:42:00,1467.2,1467.8,1466.3,1467.4,948,DHAN_HISTORY,2026-03-15 18:19:23
PIDILITIND,2025-09-29 14:43:00,1467.0,1467.3,1466.4,1466.7,1314,DHAN_HISTORY,2026-03-15 18:19:23
PIDILITIND,2025-09-29 14:44:00,1466.8,1467.2,1465.8,1465.8,3017,DHAN_HISTORY,2026-03-15 18:19:23
PIDILITIND,2025-09-29 14:45:00,1466.5,1466.7,1466.3,1466.3,394,DHAN_HISTORY,2026-03-15 18:19:23
PIDILITIND,2025-09-29 14:46:00,1466.0,1466.7,1465.0,1466.7,5962,DHAN_HISTORY,2026-03-15 18:19:23
PIDILITIND,2025-09-29 14:47:00,1466.7,1466.9,1465.0,1466.9,4374,DHAN_HISTORY,2026-03-15 18:19:23
PIDILITIND,2025-09-29 14:48:00,1466.9,1466.9,1465.3,1465.3,2256,DHAN_HISTORY,2026-03-15 18:19:23
PIDILITIND,2025-09-29 14:49:00,1465.1,1465.9,1465.1,1465.4,1596,DHAN_HISTORY,2026-03-15 18:19:23
PIDILITIND,2025-09-29 14:50:00,1465.6,1466.9,1465.3,1465.4,3073,DHAN_HISTORY,2026-03-15 18:19:23
PIDILITIND,2025-09-29 14:51:00,1466.1,1467.0,1465.2,1466.7,832,DHAN_HISTORY,2026-03-15 18:19:23
PIDILITIND,2025-09-29 14:52:00,1466.5,1466.5,1465.6,1466.2,2341,DHAN_HISTORY,2026-03-15 18:19:23
PIDILITIND,2025-09-29 14:53:00,1466.3,1467.1,1465.9,1467.1,2090,DHAN_HISTORY,2026-03-15 18:19:23
PIDILITIND,2025-09-29 14:54:00,1467.2,1467.2,1466.3,1466.9,629,DHAN_HISTORY,2026-03-15 18:19:23
PIDILITIND,2025-09-29 14:55:00,1466.5,1466.9,1466.4,1466.4,722,DHAN_HISTORY,2026-03-15 18:19:23
PIDILITIND,2025-09-29 14:56:00,1466.5,1467.2,1466.2,1467.0,2613,DHAN_HISTORY,2026-03-15 18:19:23
PIDILITIND,2025-09-29 14:57:00,1467.0,1468.2,1466.9,1467.6,4700,DHAN_HISTORY,2026-03-15 18:19:23
PIDILITIND,2025-09-29 14:58:00,1467.6,1468.4,1466.2,1467.5,27705,DHAN_HISTORY,2026-03-15 18:19:23
PIDILITIND,2025-09-29 14:59:00,1468.0,1468.0,1467.2,1467.2,15457,DHAN_HISTORY,2026-03-15 18:19:23
PIDILITIND,2025-09-29 15:00:00,1467.7,1468.0,1465.8,1467.8,24224,DHAN_HISTORY,2026-03-15 18:19:23
PIDILITIND,2025-09-29 15:01:00,1468.0,1468.0,1466.6,1467.8,10260,DHAN_HISTORY,2026-03-15 18:19:23
PIDILITIND,2025-09-29 15:02:00,1468.0,1468.0,1465.7,1466.3,9991,DHAN_HISTORY,2026-03-15 18:19:23
PIDILITIND,2025-09-29 15:03:00,1465.5,1468.0,1465.3,1467.7,9991,DHAN_HISTORY,2026-03-15 18:19:23
PIDILITIND,2025-09-29 15:04:00,1467.7,1468.0,1466.3,1467.6,8015,DHAN_HISTORY,2026-03-15 18:19:23
PIDILITIND,2025-09-29 15:05:00,1467.5,1467.9,1466.5,1467.3,8791,DHAN_HISTORY,2026-03-15 18:19:23
PIDILITIND,2025-09-29 15:06:00,1467.6,1468.0,1466.2,1467.4,9677,DHAN_HISTORY,2026-03-15 18:19:23
PIDILITIND,2025-09-29 15:07:00,1467.7,1467.8,1466.3,1467.6,8775,DHAN_HISTORY,2026-03-15 18:19:23
PIDILITIND,2025-09-29 15:08:00,1468.0,1468.0,1466.3,1466.3,9177,DHAN_HISTORY,2026-03-15 18:19:23
PIDILITIND,2025-09-29 15:09:00,1467.2,1468.0,1466.1,1467.9,8210,DHAN_HISTORY,2026-03-15 18:19:23
PIDILITIND,2025-09-29 15:10:00,1467.1,1468.0,1466.9,1467.6,10911,DHAN_HISTORY,2026-03-15 18:19:23
PIDILITIND,2025-09-29 15:11:00,1468.0,1468.0,1467.3,1468.0,8727,DHAN_HISTORY,2026-03-15 18:19:23
PIDILITIND,2025-09-29 15:12:00,1468.0,1468.0,1466.9,1467.7,11053,DHAN_HISTORY,2026-03-15 18:19:23
PIDILITIND,2025-09-29 15:13:00,1468.3,1468.3,1466.7,1467.7,8364,DHAN_HISTORY,2026-03-15 18:19:23
PIDILITIND,2025-09-29 15:14:00,1467.7,1468.0,1467.2,1467.7,8192,DHAN_HISTORY,2026-03-15 18:19:23
PIDILITIND,2025-09-29 15:15:00,1467.7,1468.0,1465.9,1467.8,10278,DHAN_HISTORY,2026-03-15 18:19:23
PIDILITIND,2025-09-29 15:16:00,1467.9,1467.9,1466.7,1467.0,9590,DHAN_HISTORY,2026-03-15 18:19:23
PIDILITIND,2025-09-29 15:17:00,1467.6,1468.0,1466.8,1467.3,9179,DHAN_HISTORY,2026-03-15 18:19:23
PIDILITIND,2025-09-29 15:18:00,1468.3,1468.3,1466.5,1467.4,8812,DHAN_HISTORY,2026-03-15 18:19:23
PIDILITIND,2025-09-29 15:19:00,1467.8,1467.9,1466.4,1467.9,8841,DHAN_HISTORY,2026-03-15 18:19:23
PIDILITIND,2025-09-29 15:20:00,1467.6,1468.4,1467.1,1467.7,19314,DHAN_HISTORY,2026-03-15 18:19:23
PIDILITIND,2025-09-29 15:21:00,1468.0,1468.0,1467.2,1467.8,12986,DHAN_HISTORY,2026-03-15 18:19:23
PIDILITIND,2025-09-29 15:22:00,1468.0,1468.0,1466.1,1466.1,13040,DHAN_HISTORY,2026-03-15 18:19:23
PIDILITIND,2025-09-29 15:23:00,1466.9,1467.1,1464.9,1465.0,14950,DHAN_HISTORY,2026-03-15 18:19:23
PIDILITIND,2025-09-29 15:24:00,1466.0,1466.4,1464.9,1464.9,12563,DHAN_HISTORY,2026-03-15 18:19:23
PIDILITIND,2025-09-29 15:25:00,1465.0,1466.8,1464.8,1465.6,18996,DHAN_HISTORY,2026-03-15 18:19:23
PIDILITIND,2025-09-29 15:26:00,1466.3,1467.3,1464.1,1466.5,16517,DHAN_HISTORY,2026-03-15 18:19:23
PIDILITIND,2025-09-29 15:27:00,1466.3,1466.6,1463.6,1465.2,17922,DHAN_HISTORY,2026-03-15 18:19:23
PIDILITIND,2025-09-29 15:28:00,1464.4,1467.8,1462.3,1464.7,14713,DHAN_HISTORY,2026-03-15 18:19:23
PIDILITIND,2025-09-29 15:29:00,1464.8,1468.0,1460.5,1464.0,14810,DHAN_HISTORY,2026-03-15 18:19:23
