symbol,timestamp,open,high,low,close,volume,source,last_updated
MOTILALOFS,2025-12-05 09:15:00,916.2,919.1,915.0,917.95,8333,DHAN_HISTORY,2026-03-15 17:52:24
MOTILALOFS,2025-12-05 09:16:00,919.5,919.5,915.55,917.8,5338,DHAN_HISTORY,2026-03-15 17:52:24
MOTILALOFS,2025-12-05 09:17:00,917.85,918.7,917.0,917.65,3144,DHAN_HISTORY,2026-03-15 17:52:24
MOTILALOFS,2025-12-05 09:18:00,917.65,917.8,916.3,917.1,1640,DHAN_HISTORY,2026-03-15 17:52:24
MOTILALOFS,2025-12-05 09:19:00,917.15,918.35,917.1,918.35,709,DHAN_HISTORY,2026-03-15 17:52:24
MOTILALOFS,2025-12-05 09:20:00,919.45,919.55,918.15,918.2,1710,DHAN_HISTORY,2026-03-15 17:52:24
MOTILALOFS,2025-12-05 09:21:00,918.0,918.75,917.9,918.2,2018,DHAN_HISTORY,2026-03-15 17:52:24
MOTILALOFS,2025-12-05 09:22:00,919.25,919.45,918.1,919.45,1015,DHAN_HISTORY,2026-03-15 17:52:24
MOTILALOFS,2025-12-05 09:23:00,918.6,919.8,918.3,918.4,2613,DHAN_HISTORY,2026-03-15 17:52:24
MOTILALOFS,2025-12-05 09:24:00,918.4,918.4,917.5,918.0,898,DHAN_HISTORY,2026-03-15 17:52:24
MOTILALOFS,2025-12-05 09:25:00,918.35,918.5,917.2,917.65,1660,DHAN_HISTORY,2026-03-15 17:52:24
MOTILALOFS,2025-12-05 09:26:00,917.2,918.1,916.25,918.1,1802,DHAN_HISTORY,2026-03-15 17:52:24
MOTILALOFS,2025-12-05 09:27:00,917.6,918.25,916.15,917.0,616,DHAN_HISTORY,2026-03-15 17:52:24
MOTILALOFS,2025-12-05 09:28:00,917.05,918.3,917.0,917.0,517,DHAN_HISTORY,2026-03-15 17:52:24
MOTILALOFS,2025-12-05 09:29:00,917.0,917.45,916.15,916.4,1120,DHAN_HISTORY,2026-03-15 17:52:24
MOTILALOFS,2025-12-05 09:30:00,916.2,916.25,914.15,914.65,3317,DHAN_HISTORY,2026-03-15 17:52:24
MOTILALOFS,2025-12-05 09:31:00,914.0,914.8,914.0,914.05,591,DHAN_HISTORY,2026-03-15 17:52:24
MOTILALOFS,2025-12-05 09:32:00,914.05,914.15,913.0,914.0,3372,DHAN_HISTORY,2026-03-15 17:52:24
MOTILALOFS,2025-12-05 09:33:00,913.65,914.2,913.2,913.2,867,DHAN_HISTORY,2026-03-15 17:52:24
MOTILALOFS,2025-12-05 09:34:00,913.5,914.0,913.5,914.0,915,DHAN_HISTORY,2026-03-15 17:52:24
MOTILALOFS,2025-12-05 09:35:00,914.0,914.2,913.0,913.0,1207,DHAN_HISTORY,2026-03-15 17:52:24
MOTILALOFS,2025-12-05 09:36:00,913.0,913.3,912.2,912.25,983,DHAN_HISTORY,2026-03-15 17:52:24
MOTILALOFS,2025-12-05 09:37:00,912.25,912.75,911.45,912.05,2057,DHAN_HISTORY,2026-03-15 17:52:24
MOTILALOFS,2025-12-05 09:38:00,912.35,912.35,911.5,911.5,868,DHAN_HISTORY,2026-03-15 17:52:24
MOTILALOFS,2025-12-05 09:39:00,911.35,912.9,911.1,912.25,2253,DHAN_HISTORY,2026-03-15 17:52:24
MOTILALOFS,2025-12-05 09:40:00,912.0,912.0,910.55,911.2,1738,DHAN_HISTORY,2026-03-15 17:52:24
MOTILALOFS,2025-12-05 09:41:00,911.2,911.4,910.4,910.7,1349,DHAN_HISTORY,2026-03-15 17:52:24
MOTILALOFS,2025-12-05 09:42:00,910.7,911.25,909.1,909.1,6111,DHAN_HISTORY,2026-03-15 17:52:24
MOTILALOFS,2025-12-05 09:43:00,909.0,909.5,909.0,909.2,349,DHAN_HISTORY,2026-03-15 17:52:24
MOTILALOFS,2025-12-05 09:44:00,909.2,909.45,908.0,908.2,3674,DHAN_HISTORY,2026-03-15 17:52:24
MOTILALOFS,2025-12-05 09:45:00,908.2,908.2,908.0,908.1,922,DHAN_HISTORY,2026-03-15 17:52:24
MOTILALOFS,2025-12-05 09:46:00,908.2,908.2,907.15,907.25,1324,DHAN_HISTORY,2026-03-15 17:52:24
MOTILALOFS,2025-12-05 09:47:00,907.2,907.75,907.1,907.5,579,DHAN_HISTORY,2026-03-15 17:52:24
MOTILALOFS,2025-12-05 09:48:00,907.5,907.5,907.1,907.4,836,DHAN_HISTORY,2026-03-15 17:52:24
MOTILALOFS,2025-12-05 09:49:00,907.5,907.5,907.1,907.1,1077,DHAN_HISTORY,2026-03-15 17:52:24
MOTILALOFS,2025-12-05 09:50:00,907.1,907.1,905.2,906.15,5959,DHAN_HISTORY,2026-03-15 17:52:24
MOTILALOFS,2025-12-05 09:51:00,906.5,907.15,905.85,906.35,1460,DHAN_HISTORY,2026-03-15 17:52:24
MOTILALOFS,2025-12-05 09:52:00,906.35,907.1,906.0,906.9,369,DHAN_HISTORY,2026-03-15 17:52:24
MOTILALOFS,2025-12-05 09:53:00,907.5,907.5,906.1,906.45,4371,DHAN_HISTORY,2026-03-15 17:52:24
MOTILALOFS,2025-12-05 09:54:00,906.05,906.85,905.15,906.35,1388,DHAN_HISTORY,2026-03-15 17:52:24
MOTILALOFS,2025-12-05 09:55:00,906.75,906.75,905.65,906.05,670,DHAN_HISTORY,2026-03-15 17:52:24
MOTILALOFS,2025-12-05 09:56:00,906.0,906.05,905.1,906.05,450,DHAN_HISTORY,2026-03-15 17:52:24
MOTILALOFS,2025-12-05 09:57:00,906.05,906.85,905.8,906.85,760,DHAN_HISTORY,2026-03-15 17:52:24
MOTILALOFS,2025-12-05 09:58:00,906.8,907.5,906.5,907.05,1639,DHAN_HISTORY,2026-03-15 17:52:24
MOTILALOFS,2025-12-05 09:59:00,906.3,906.3,904.0,904.5,4990,DHAN_HISTORY,2026-03-15 17:52:24
MOTILALOFS,2025-12-05 10:00:00,904.5,905.0,904.0,904.75,1055,DHAN_HISTORY,2026-03-15 17:52:24
MOTILALOFS,2025-12-05 10:01:00,904.2,906.05,904.2,905.05,625,DHAN_HISTORY,2026-03-15 17:52:24
MOTILALOFS,2025-12-05 10:02:00,905.35,907.05,904.85,905.3,2341,DHAN_HISTORY,2026-03-15 17:52:24
MOTILALOFS,2025-12-05 10:03:00,905.0,906.1,904.6,906.1,2928,DHAN_HISTORY,2026-03-15 17:52:24
MOTILALOFS,2025-12-05 10:04:00,906.85,907.8,906.35,907.05,8179,DHAN_HISTORY,2026-03-15 17:52:24
MOTILALOFS,2025-12-05 10:05:00,907.1,907.85,907.0,907.0,8786,DHAN_HISTORY,2026-03-15 17:52:24
MOTILALOFS,2025-12-05 10:06:00,907.15,911.4,907.15,909.4,6162,DHAN_HISTORY,2026-03-15 17:52:24
MOTILALOFS,2025-12-05 10:07:00,909.4,909.4,908.8,909.1,2322,DHAN_HISTORY,2026-03-15 17:52:24
MOTILALOFS,2025-12-05 10:08:00,909.1,909.1,908.1,908.75,790,DHAN_HISTORY,2026-03-15 17:52:24
MOTILALOFS,2025-12-05 10:09:00,908.65,908.75,907.0,907.05,2671,DHAN_HISTORY,2026-03-15 17:52:24
MOTILALOFS,2025-12-05 10:10:00,907.2,907.25,905.3,905.9,1300,DHAN_HISTORY,2026-03-15 17:52:24
MOTILALOFS,2025-12-05 10:11:00,905.3,905.75,905.3,905.35,826,DHAN_HISTORY,2026-03-15 17:52:24
MOTILALOFS,2025-12-05 10:12:00,905.5,905.5,905.35,905.35,571,DHAN_HISTORY,2026-03-15 17:52:24
MOTILALOFS,2025-12-05 10:13:00,905.5,906.55,905.5,906.55,721,DHAN_HISTORY,2026-03-15 17:52:24
MOTILALOFS,2025-12-05 10:14:00,906.3,906.95,906.3,906.95,178,DHAN_HISTORY,2026-03-15 17:52:24
MOTILALOFS,2025-12-05 10:15:00,906.95,908.45,906.95,907.5,2857,DHAN_HISTORY,2026-03-15 17:52:24
MOTILALOFS,2025-12-05 10:16:00,907.5,907.75,907.15,907.15,885,DHAN_HISTORY,2026-03-15 17:52:24
MOTILALOFS,2025-12-05 10:17:00,907.5,908.25,907.15,907.5,4429,DHAN_HISTORY,2026-03-15 17:52:24
MOTILALOFS,2025-12-05 10:18:00,907.5,907.5,907.4,907.5,703,DHAN_HISTORY,2026-03-15 17:52:24
MOTILALOFS,2025-12-05 10:19:00,907.5,907.5,907.3,907.5,464,DHAN_HISTORY,2026-03-15 17:52:24
MOTILALOFS,2025-12-05 10:20:00,907.5,907.8,907.3,907.5,4467,DHAN_HISTORY,2026-03-15 17:52:24
MOTILALOFS,2025-12-05 10:21:00,907.75,907.75,906.15,906.8,5989,DHAN_HISTORY,2026-03-15 17:52:24
MOTILALOFS,2025-12-05 10:22:00,906.0,906.95,906.0,906.9,1749,DHAN_HISTORY,2026-03-15 17:52:24
MOTILALOFS,2025-12-05 10:23:00,906.95,906.95,905.8,906.5,890,DHAN_HISTORY,2026-03-15 17:52:24
MOTILALOFS,2025-12-05 10:24:00,906.5,906.75,906.2,906.2,566,DHAN_HISTORY,2026-03-15 17:52:24
MOTILALOFS,2025-12-05 10:25:00,905.55,906.15,905.2,905.2,611,DHAN_HISTORY,2026-03-15 17:52:24
MOTILALOFS,2025-12-05 10:26:00,905.1,905.45,904.5,904.55,1650,DHAN_HISTORY,2026-03-15 17:52:24
MOTILALOFS,2025-12-05 10:27:00,904.55,905.2,904.2,905.05,1130,DHAN_HISTORY,2026-03-15 17:52:24
MOTILALOFS,2025-12-05 10:28:00,905.05,905.1,903.3,904.5,4377,DHAN_HISTORY,2026-03-15 17:52:24
MOTILALOFS,2025-12-05 10:29:00,904.45,904.45,903.0,903.0,2570,DHAN_HISTORY,2026-03-15 17:52:24
MOTILALOFS,2025-12-05 10:30:00,903.6,903.6,903.0,903.0,1763,DHAN_HISTORY,2026-03-15 17:52:24
MOTILALOFS,2025-12-05 10:31:00,903.0,903.7,901.8,903.0,7823,DHAN_HISTORY,2026-03-15 17:52:24
MOTILALOFS,2025-12-05 10:32:00,903.15,905.5,903.15,905.0,999,DHAN_HISTORY,2026-03-15 17:52:24
MOTILALOFS,2025-12-05 10:33:00,905.0,905.0,904.0,904.65,3364,DHAN_HISTORY,2026-03-15 17:52:24
MOTILALOFS,2025-12-05 10:34:00,904.7,904.7,904.1,904.15,335,DHAN_HISTORY,2026-03-15 17:52:24
MOTILALOFS,2025-12-05 10:35:00,904.7,905.0,904.3,905.0,1774,DHAN_HISTORY,2026-03-15 17:52:24
MOTILALOFS,2025-12-05 10:36:00,905.0,905.0,904.4,905.0,395,DHAN_HISTORY,2026-03-15 17:52:24
MOTILALOFS,2025-12-05 10:37:00,904.95,904.95,904.35,904.9,458,DHAN_HISTORY,2026-03-15 17:52:24
MOTILALOFS,2025-12-05 10:38:00,904.85,904.9,903.15,904.75,3470,DHAN_HISTORY,2026-03-15 17:52:24
MOTILALOFS,2025-12-05 10:39:00,904.0,904.7,904.0,904.25,374,DHAN_HISTORY,2026-03-15 17:52:24
MOTILALOFS,2025-12-05 10:40:00,904.25,905.0,903.5,903.5,2516,DHAN_HISTORY,2026-03-15 17:52:24
MOTILALOFS,2025-12-05 10:41:00,903.7,903.7,902.1,902.15,1753,DHAN_HISTORY,2026-03-15 17:52:24
MOTILALOFS,2025-12-05 10:42:00,902.15,903.0,902.15,902.6,917,DHAN_HISTORY,2026-03-15 17:52:24
MOTILALOFS,2025-12-05 10:43:00,902.85,903.5,902.3,902.85,794,DHAN_HISTORY,2026-03-15 17:52:24
MOTILALOFS,2025-12-05 10:44:00,902.9,903.45,901.8,902.0,3062,DHAN_HISTORY,2026-03-15 17:52:24
MOTILALOFS,2025-12-05 10:45:00,902.25,902.85,901.65,902.3,525,DHAN_HISTORY,2026-03-15 17:52:24
MOTILALOFS,2025-12-05 10:46:00,902.3,903.3,902.3,902.85,710,DHAN_HISTORY,2026-03-15 17:52:24
MOTILALOFS,2025-12-05 10:47:00,902.4,902.85,902.35,902.75,419,DHAN_HISTORY,2026-03-15 17:52:24
MOTILALOFS,2025-12-05 10:48:00,903.45,903.65,902.7,902.9,830,DHAN_HISTORY,2026-03-15 17:52:24
MOTILALOFS,2025-12-05 10:49:00,903.4,903.45,902.95,902.95,317,DHAN_HISTORY,2026-03-15 17:52:24
MOTILALOFS,2025-12-05 10:50:00,902.95,903.65,902.9,903.6,890,DHAN_HISTORY,2026-03-15 17:52:24
MOTILALOFS,2025-12-05 10:51:00,903.25,905.3,903.25,905.2,1329,DHAN_HISTORY,2026-03-15 17:52:24
MOTILALOFS,2025-12-05 10:52:00,905.65,907.05,905.45,906.05,1118,DHAN_HISTORY,2026-03-15 17:52:24
MOTILALOFS,2025-12-05 10:53:00,906.05,906.9,906.0,906.55,481,DHAN_HISTORY,2026-03-15 17:52:24
MOTILALOFS,2025-12-05 10:54:00,906.3,907.5,906.0,906.65,3324,DHAN_HISTORY,2026-03-15 17:52:24
MOTILALOFS,2025-12-05 10:55:00,906.55,909.25,906.55,908.6,2582,DHAN_HISTORY,2026-03-15 17:52:24
MOTILALOFS,2025-12-05 10:56:00,907.85,907.85,906.2,906.55,5226,DHAN_HISTORY,2026-03-15 17:52:24
MOTILALOFS,2025-12-05 10:57:00,906.55,906.7,905.0,905.0,12220,DHAN_HISTORY,2026-03-15 17:52:24
MOTILALOFS,2025-12-05 10:58:00,905.0,905.85,905.0,905.8,382,DHAN_HISTORY,2026-03-15 17:52:24
MOTILALOFS,2025-12-05 10:59:00,905.5,905.5,904.1,904.1,2531,DHAN_HISTORY,2026-03-15 17:52:24
MOTILALOFS,2025-12-05 11:00:00,904.5,904.5,903.85,904.35,600,DHAN_HISTORY,2026-03-15 17:52:24
MOTILALOFS,2025-12-05 11:01:00,904.95,905.0,904.0,904.75,1598,DHAN_HISTORY,2026-03-15 17:52:24
MOTILALOFS,2025-12-05 11:02:00,904.7,904.75,903.85,904.0,669,DHAN_HISTORY,2026-03-15 17:52:24
MOTILALOFS,2025-12-05 11:03:00,904.6,904.85,904.05,904.2,557,DHAN_HISTORY,2026-03-15 17:52:24
MOTILALOFS,2025-12-05 11:04:00,904.2,904.2,903.85,903.85,400,DHAN_HISTORY,2026-03-15 17:52:24
MOTILALOFS,2025-12-05 11:05:00,903.85,904.05,903.5,904.05,1124,DHAN_HISTORY,2026-03-15 17:52:24
MOTILALOFS,2025-12-05 11:06:00,904.8,904.9,903.95,904.2,1591,DHAN_HISTORY,2026-03-15 17:52:24
MOTILALOFS,2025-12-05 11:07:00,904.45,904.85,904.2,904.7,339,DHAN_HISTORY,2026-03-15 17:52:24
MOTILALOFS,2025-12-05 11:08:00,904.3,906.0,904.25,906.0,804,DHAN_HISTORY,2026-03-15 17:52:24
MOTILALOFS,2025-12-05 11:09:00,906.55,907.4,906.2,906.75,1662,DHAN_HISTORY,2026-03-15 17:52:24
MOTILALOFS,2025-12-05 11:10:00,907.05,907.05,905.6,905.65,992,DHAN_HISTORY,2026-03-15 17:52:24
MOTILALOFS,2025-12-05 11:11:00,905.65,906.45,905.2,906.45,520,DHAN_HISTORY,2026-03-15 17:52:24
MOTILALOFS,2025-12-05 11:12:00,906.35,906.65,905.0,905.5,636,DHAN_HISTORY,2026-03-15 17:52:24
MOTILALOFS,2025-12-05 11:13:00,905.6,906.05,905.1,905.45,343,DHAN_HISTORY,2026-03-15 17:52:24
MOTILALOFS,2025-12-05 11:14:00,905.45,906.6,905.3,905.6,347,DHAN_HISTORY,2026-03-15 17:52:24
MOTILALOFS,2025-12-05 11:15:00,906.35,906.8,905.4,905.5,730,DHAN_HISTORY,2026-03-15 17:52:24
MOTILALOFS,2025-12-05 11:16:00,905.4,905.9,905.1,905.1,375,DHAN_HISTORY,2026-03-15 17:52:24
MOTILALOFS,2025-12-05 11:17:00,905.1,906.0,905.0,905.4,389,DHAN_HISTORY,2026-03-15 17:52:24
MOTILALOFS,2025-12-05 11:18:00,905.4,906.6,905.0,906.05,346,DHAN_HISTORY,2026-03-15 17:52:24
MOTILALOFS,2025-12-05 11:19:00,906.55,906.55,904.3,905.15,1310,DHAN_HISTORY,2026-03-15 17:52:24
MOTILALOFS,2025-12-05 11:20:00,905.0,905.5,904.5,905.0,633,DHAN_HISTORY,2026-03-15 17:52:24
MOTILALOFS,2025-12-05 11:21:00,905.0,906.15,904.75,904.75,1634,DHAN_HISTORY,2026-03-15 17:52:24
MOTILALOFS,2025-12-05 11:22:00,904.6,905.0,904.0,904.25,844,DHAN_HISTORY,2026-03-15 17:52:24
MOTILALOFS,2025-12-05 11:23:00,904.8,904.9,903.9,904.05,911,DHAN_HISTORY,2026-03-15 17:52:24
MOTILALOFS,2025-12-05 11:24:00,904.0,904.0,903.0,903.0,1370,DHAN_HISTORY,2026-03-15 17:52:24
MOTILALOFS,2025-12-05 11:25:00,903.0,903.0,901.95,901.95,3649,DHAN_HISTORY,2026-03-15 17:52:24
MOTILALOFS,2025-12-05 11:26:00,902.0,902.0,901.55,901.85,2084,DHAN_HISTORY,2026-03-15 17:52:24
MOTILALOFS,2025-12-05 11:27:00,901.85,901.85,899.0,899.25,17540,DHAN_HISTORY,2026-03-15 17:52:24
MOTILALOFS,2025-12-05 11:28:00,899.85,900.0,899.0,899.5,8372,DHAN_HISTORY,2026-03-15 17:52:24
MOTILALOFS,2025-12-05 11:29:00,899.45,900.0,899.45,899.7,944,DHAN_HISTORY,2026-03-15 17:52:24
MOTILALOFS,2025-12-05 11:30:00,899.95,900.0,899.5,899.5,691,DHAN_HISTORY,2026-03-15 17:52:24
MOTILALOFS,2025-12-05 11:31:00,899.75,899.95,899.25,899.4,1281,DHAN_HISTORY,2026-03-15 17:52:24
MOTILALOFS,2025-12-05 11:32:00,899.35,899.4,899.0,899.1,2796,DHAN_HISTORY,2026-03-15 17:52:24
MOTILALOFS,2025-12-05 11:33:00,899.0,899.0,898.1,898.75,1873,DHAN_HISTORY,2026-03-15 17:52:24
MOTILALOFS,2025-12-05 11:34:00,898.75,899.0,898.4,899.0,932,DHAN_HISTORY,2026-03-15 17:52:24
MOTILALOFS,2025-12-05 11:35:00,899.0,899.0,898.6,898.6,2164,DHAN_HISTORY,2026-03-15 17:52:24
MOTILALOFS,2025-12-05 11:36:00,899.0,899.0,897.0,897.5,3745,DHAN_HISTORY,2026-03-15 17:52:24
MOTILALOFS,2025-12-05 11:37:00,897.05,897.6,896.8,896.8,1847,DHAN_HISTORY,2026-03-15 17:52:24
MOTILALOFS,2025-12-05 11:38:00,896.85,898.05,896.7,897.6,2377,DHAN_HISTORY,2026-03-15 17:52:24
MOTILALOFS,2025-12-05 11:39:00,897.5,897.95,897.5,897.5,1539,DHAN_HISTORY,2026-03-15 17:52:24
MOTILALOFS,2025-12-05 11:40:00,896.95,897.2,895.7,896.6,4459,DHAN_HISTORY,2026-03-15 17:52:24
MOTILALOFS,2025-12-05 11:41:00,896.3,897.35,896.3,897.0,1880,DHAN_HISTORY,2026-03-15 17:52:24
MOTILALOFS,2025-12-05 11:42:00,897.15,898.6,897.15,898.3,2012,DHAN_HISTORY,2026-03-15 17:52:24
MOTILALOFS,2025-12-05 11:43:00,898.55,900.85,897.95,900.0,6184,DHAN_HISTORY,2026-03-15 17:52:24
MOTILALOFS,2025-12-05 11:44:00,900.05,900.6,898.75,899.55,4826,DHAN_HISTORY,2026-03-15 17:52:24
MOTILALOFS,2025-12-05 11:45:00,899.65,900.4,899.0,899.65,1109,DHAN_HISTORY,2026-03-15 17:52:24
MOTILALOFS,2025-12-05 11:46:00,899.3,899.75,899.1,899.5,576,DHAN_HISTORY,2026-03-15 17:52:24
MOTILALOFS,2025-12-05 11:47:00,899.65,900.3,899.1,899.85,1050,DHAN_HISTORY,2026-03-15 17:52:24
MOTILALOFS,2025-12-05 11:48:00,899.35,899.75,898.8,898.8,543,DHAN_HISTORY,2026-03-15 17:52:24
MOTILALOFS,2025-12-05 11:49:00,898.8,899.2,898.4,898.5,718,DHAN_HISTORY,2026-03-15 17:52:24
MOTILALOFS,2025-12-05 11:50:00,899.25,899.9,898.4,899.0,1229,DHAN_HISTORY,2026-03-15 17:52:24
MOTILALOFS,2025-12-05 11:51:00,899.0,899.85,899.0,899.4,1592,DHAN_HISTORY,2026-03-15 17:52:24
MOTILALOFS,2025-12-05 11:52:00,899.8,900.5,899.05,899.85,2450,DHAN_HISTORY,2026-03-15 17:52:24
MOTILALOFS,2025-12-05 11:53:00,899.85,900.45,899.8,900.05,625,DHAN_HISTORY,2026-03-15 17:52:24
MOTILALOFS,2025-12-05 11:54:00,900.0,900.15,899.0,899.2,1280,DHAN_HISTORY,2026-03-15 17:52:24
MOTILALOFS,2025-12-05 11:55:00,899.25,900.0,899.15,899.9,781,DHAN_HISTORY,2026-03-15 17:52:24
MOTILALOFS,2025-12-05 11:56:00,899.9,900.0,899.9,899.9,555,DHAN_HISTORY,2026-03-15 17:52:24
MOTILALOFS,2025-12-05 11:57:00,899.9,900.2,899.9,900.2,712,DHAN_HISTORY,2026-03-15 17:52:24
MOTILALOFS,2025-12-05 11:58:00,899.9,901.45,899.9,900.15,1929,DHAN_HISTORY,2026-03-15 17:52:24
MOTILALOFS,2025-12-05 11:59:00,900.25,900.5,900.0,900.0,1416,DHAN_HISTORY,2026-03-15 17:52:24
MOTILALOFS,2025-12-05 12:00:00,900.0,900.1,899.75,899.75,563,DHAN_HISTORY,2026-03-15 17:52:24
MOTILALOFS,2025-12-05 12:01:00,899.7,900.3,899.35,899.45,562,DHAN_HISTORY,2026-03-15 17:52:24
MOTILALOFS,2025-12-05 12:02:00,899.6,900.0,899.4,899.85,557,DHAN_HISTORY,2026-03-15 17:52:24
MOTILALOFS,2025-12-05 12:03:00,899.85,900.5,899.45,900.0,657,DHAN_HISTORY,2026-03-15 17:52:24
MOTILALOFS,2025-12-05 12:04:00,900.25,900.6,900.0,900.05,1428,DHAN_HISTORY,2026-03-15 17:52:24
MOTILALOFS,2025-12-05 12:05:00,900.05,901.65,900.0,900.6,5354,DHAN_HISTORY,2026-03-15 17:52:24
MOTILALOFS,2025-12-05 12:06:00,900.55,902.45,900.55,902.3,2477,DHAN_HISTORY,2026-03-15 17:52:24
MOTILALOFS,2025-12-05 12:07:00,902.3,903.0,902.0,902.0,904,DHAN_HISTORY,2026-03-15 17:52:24
MOTILALOFS,2025-12-05 12:08:00,902.0,902.0,901.15,901.4,930,DHAN_HISTORY,2026-03-15 17:52:24
MOTILALOFS,2025-12-05 12:09:00,901.5,902.3,901.4,901.4,964,DHAN_HISTORY,2026-03-15 17:52:24
MOTILALOFS,2025-12-05 12:10:00,901.5,901.5,900.55,900.7,629,DHAN_HISTORY,2026-03-15 17:52:24
MOTILALOFS,2025-12-05 12:11:00,900.7,902.0,900.5,901.0,852,DHAN_HISTORY,2026-03-15 17:52:24
MOTILALOFS,2025-12-05 12:12:00,900.95,901.2,900.5,900.5,887,DHAN_HISTORY,2026-03-15 17:52:24
MOTILALOFS,2025-12-05 12:13:00,900.4,900.75,900.0,900.65,735,DHAN_HISTORY,2026-03-15 17:52:24
MOTILALOFS,2025-12-05 12:14:00,900.0,901.0,899.2,899.2,2878,DHAN_HISTORY,2026-03-15 17:52:24
MOTILALOFS,2025-12-05 12:15:00,899.15,899.7,899.0,899.05,1096,DHAN_HISTORY,2026-03-15 17:52:24
MOTILALOFS,2025-12-05 12:16:00,899.15,899.15,898.2,898.3,1554,DHAN_HISTORY,2026-03-15 17:52:24
MOTILALOFS,2025-12-05 12:17:00,898.6,899.0,898.05,898.5,905,DHAN_HISTORY,2026-03-15 17:52:24
MOTILALOFS,2025-12-05 12:18:00,898.35,898.45,898.0,898.4,1070,DHAN_HISTORY,2026-03-15 17:52:24
MOTILALOFS,2025-12-05 12:19:00,898.05,898.35,897.8,897.95,523,DHAN_HISTORY,2026-03-15 17:52:24
MOTILALOFS,2025-12-05 12:20:00,898.3,898.6,897.75,898.4,806,DHAN_HISTORY,2026-03-15 17:52:24
MOTILALOFS,2025-12-05 12:21:00,898.05,898.6,897.75,897.85,584,DHAN_HISTORY,2026-03-15 17:52:24
MOTILALOFS,2025-12-05 12:22:00,897.85,898.55,897.85,898.0,1683,DHAN_HISTORY,2026-03-15 17:52:24
MOTILALOFS,2025-12-05 12:23:00,898.5,899.05,898.0,898.35,674,DHAN_HISTORY,2026-03-15 17:52:24
MOTILALOFS,2025-12-05 12:24:00,898.55,898.8,898.05,898.5,698,DHAN_HISTORY,2026-03-15 17:52:24
MOTILALOFS,2025-12-05 12:25:00,898.5,898.5,898.0,898.0,937,DHAN_HISTORY,2026-03-15 17:52:24
MOTILALOFS,2025-12-05 12:26:00,898.4,898.4,897.75,897.8,588,DHAN_HISTORY,2026-03-15 17:52:24
MOTILALOFS,2025-12-05 12:27:00,898.1,898.3,897.5,897.55,747,DHAN_HISTORY,2026-03-15 17:52:24
MOTILALOFS,2025-12-05 12:28:00,897.5,898.5,897.5,898.5,1344,DHAN_HISTORY,2026-03-15 17:52:24
MOTILALOFS,2025-12-05 12:29:00,898.5,898.5,897.5,897.8,529,DHAN_HISTORY,2026-03-15 17:52:24
MOTILALOFS,2025-12-05 12:30:00,897.5,897.5,897.0,897.45,1136,DHAN_HISTORY,2026-03-15 17:52:24
MOTILALOFS,2025-12-05 12:31:00,897.0,897.4,897.0,897.25,825,DHAN_HISTORY,2026-03-15 17:52:24
MOTILALOFS,2025-12-05 12:32:00,897.0,897.5,897.0,897.25,914,DHAN_HISTORY,2026-03-15 17:52:24
MOTILALOFS,2025-12-05 12:33:00,897.15,897.15,897.0,897.0,757,DHAN_HISTORY,2026-03-15 17:52:24
MOTILALOFS,2025-12-05 12:34:00,897.0,900.0,897.0,899.15,5930,DHAN_HISTORY,2026-03-15 17:52:24
MOTILALOFS,2025-12-05 12:35:00,898.9,898.9,897.15,897.2,727,DHAN_HISTORY,2026-03-15 17:52:24
MOTILALOFS,2025-12-05 12:36:00,897.15,898.25,897.0,897.4,589,DHAN_HISTORY,2026-03-15 17:52:24
MOTILALOFS,2025-12-05 12:37:00,897.0,897.7,897.0,897.45,595,DHAN_HISTORY,2026-03-15 17:52:24
MOTILALOFS,2025-12-05 12:38:00,897.05,897.85,897.0,897.3,954,DHAN_HISTORY,2026-03-15 17:52:24
MOTILALOFS,2025-12-05 12:39:00,897.05,898.15,897.05,897.5,985,DHAN_HISTORY,2026-03-15 17:52:24
MOTILALOFS,2025-12-05 12:40:00,897.15,898.0,897.15,897.25,1092,DHAN_HISTORY,2026-03-15 17:52:24
MOTILALOFS,2025-12-05 12:41:00,897.15,897.2,897.1,897.15,947,DHAN_HISTORY,2026-03-15 17:52:24
MOTILALOFS,2025-12-05 12:42:00,897.1,897.75,897.0,897.1,1048,DHAN_HISTORY,2026-03-15 17:52:24
MOTILALOFS,2025-12-05 12:43:00,897.1,897.6,896.85,896.85,3161,DHAN_HISTORY,2026-03-15 17:52:24
MOTILALOFS,2025-12-05 12:44:00,896.85,897.2,896.0,896.6,1238,DHAN_HISTORY,2026-03-15 17:52:24
MOTILALOFS,2025-12-05 12:45:00,896.0,896.85,896.0,896.4,743,DHAN_HISTORY,2026-03-15 17:52:24
MOTILALOFS,2025-12-05 12:46:00,897.35,897.7,896.0,896.35,1881,DHAN_HISTORY,2026-03-15 17:52:24
MOTILALOFS,2025-12-05 12:47:00,896.35,896.4,895.55,895.55,2194,DHAN_HISTORY,2026-03-15 17:52:24
MOTILALOFS,2025-12-05 12:48:00,895.8,895.8,895.05,895.05,1653,DHAN_HISTORY,2026-03-15 17:52:24
MOTILALOFS,2025-12-05 12:49:00,895.1,895.5,893.6,894.15,6675,DHAN_HISTORY,2026-03-15 17:52:24
MOTILALOFS,2025-12-05 12:50:00,893.9,895.0,893.9,894.6,6220,DHAN_HISTORY,2026-03-15 17:52:24
MOTILALOFS,2025-12-05 12:51:00,894.95,895.15,894.2,894.8,1004,DHAN_HISTORY,2026-03-15 17:52:24
MOTILALOFS,2025-12-05 12:52:00,894.5,894.9,894.1,894.2,770,DHAN_HISTORY,2026-03-15 17:52:24
MOTILALOFS,2025-12-05 12:53:00,894.2,894.7,894.0,894.15,1120,DHAN_HISTORY,2026-03-15 17:52:24
MOTILALOFS,2025-12-05 12:54:00,894.0,894.25,893.5,894.2,691,DHAN_HISTORY,2026-03-15 17:52:24
MOTILALOFS,2025-12-05 12:55:00,893.75,894.6,893.0,894.0,6479,DHAN_HISTORY,2026-03-15 17:52:24
MOTILALOFS,2025-12-05 12:56:00,893.75,894.0,892.55,892.55,1163,DHAN_HISTORY,2026-03-15 17:52:24
MOTILALOFS,2025-12-05 12:57:00,892.55,893.4,892.05,893.0,1004,DHAN_HISTORY,2026-03-15 17:52:24
MOTILALOFS,2025-12-05 12:58:00,893.0,893.8,893.0,893.7,1872,DHAN_HISTORY,2026-03-15 17:52:24
MOTILALOFS,2025-12-05 12:59:00,893.5,893.95,893.5,893.55,578,DHAN_HISTORY,2026-03-15 17:52:24
MOTILALOFS,2025-12-05 13:00:00,893.5,894.0,893.5,893.8,1030,DHAN_HISTORY,2026-03-15 17:52:24
MOTILALOFS,2025-12-05 13:01:00,893.8,894.0,892.95,892.95,4074,DHAN_HISTORY,2026-03-15 17:52:24
MOTILALOFS,2025-12-05 13:02:00,893.1,893.1,891.75,891.75,4950,DHAN_HISTORY,2026-03-15 17:52:24
MOTILALOFS,2025-12-05 13:03:00,891.75,892.6,891.65,892.35,1013,DHAN_HISTORY,2026-03-15 17:52:24
MOTILALOFS,2025-12-05 13:04:00,892.3,892.55,891.95,892.15,695,DHAN_HISTORY,2026-03-15 17:52:24
MOTILALOFS,2025-12-05 13:05:00,892.1,892.65,892.05,892.4,894,DHAN_HISTORY,2026-03-15 17:52:24
MOTILALOFS,2025-12-05 13:06:00,892.35,892.85,892.2,892.45,1112,DHAN_HISTORY,2026-03-15 17:52:24
MOTILALOFS,2025-12-05 13:07:00,892.45,892.75,892.15,892.25,1118,DHAN_HISTORY,2026-03-15 17:52:24
MOTILALOFS,2025-12-05 13:08:00,892.25,892.65,891.25,891.25,2681,DHAN_HISTORY,2026-03-15 17:52:24
MOTILALOFS,2025-12-05 13:09:00,891.25,891.8,891.0,891.25,3556,DHAN_HISTORY,2026-03-15 17:52:24
MOTILALOFS,2025-12-05 13:10:00,891.0,891.6,891.0,891.4,1174,DHAN_HISTORY,2026-03-15 17:52:24
MOTILALOFS,2025-12-05 13:11:00,891.2,892.0,891.0,891.0,5663,DHAN_HISTORY,2026-03-15 17:52:24
MOTILALOFS,2025-12-05 13:12:00,891.1,891.25,890.5,891.2,2443,DHAN_HISTORY,2026-03-15 17:52:24
MOTILALOFS,2025-12-05 13:13:00,890.8,890.9,890.45,890.5,969,DHAN_HISTORY,2026-03-15 17:52:24
MOTILALOFS,2025-12-05 13:14:00,890.5,891.0,890.5,890.8,1029,DHAN_HISTORY,2026-03-15 17:52:24
MOTILALOFS,2025-12-05 13:15:00,890.8,891.5,890.6,890.95,835,DHAN_HISTORY,2026-03-15 17:52:24
MOTILALOFS,2025-12-05 13:16:00,890.95,891.2,890.25,891.0,2365,DHAN_HISTORY,2026-03-15 17:52:24
MOTILALOFS,2025-12-05 13:17:00,890.95,891.35,890.8,890.85,1743,DHAN_HISTORY,2026-03-15 17:52:24
MOTILALOFS,2025-12-05 13:18:00,890.9,891.2,890.85,890.85,567,DHAN_HISTORY,2026-03-15 17:52:24
MOTILALOFS,2025-12-05 13:19:00,890.85,891.25,890.8,890.8,824,DHAN_HISTORY,2026-03-15 17:52:24
MOTILALOFS,2025-12-05 13:20:00,890.85,891.2,890.5,890.6,1022,DHAN_HISTORY,2026-03-15 17:52:24
MOTILALOFS,2025-12-05 13:21:00,890.6,891.6,890.5,891.0,685,DHAN_HISTORY,2026-03-15 17:52:24
MOTILALOFS,2025-12-05 13:22:00,890.95,891.8,890.65,891.2,1048,DHAN_HISTORY,2026-03-15 17:52:24
MOTILALOFS,2025-12-05 13:23:00,891.7,892.45,891.1,892.0,5664,DHAN_HISTORY,2026-03-15 17:52:24
MOTILALOFS,2025-12-05 13:24:00,891.75,892.0,891.6,892.0,761,DHAN_HISTORY,2026-03-15 17:52:24
MOTILALOFS,2025-12-05 13:25:00,891.85,892.0,891.85,891.95,15442,DHAN_HISTORY,2026-03-15 17:52:24
MOTILALOFS,2025-12-05 13:26:00,891.95,892.0,891.8,892.0,7329,DHAN_HISTORY,2026-03-15 17:52:24
MOTILALOFS,2025-12-05 13:27:00,891.95,894.8,891.8,894.65,15077,DHAN_HISTORY,2026-03-15 17:52:24
MOTILALOFS,2025-12-05 13:28:00,894.4,895.35,894.2,894.65,878,DHAN_HISTORY,2026-03-15 17:52:24
MOTILALOFS,2025-12-05 13:29:00,895.0,895.4,894.15,894.45,2250,DHAN_HISTORY,2026-03-15 17:52:24
MOTILALOFS,2025-12-05 13:30:00,894.85,895.1,894.5,895.1,1132,DHAN_HISTORY,2026-03-15 17:52:24
MOTILALOFS,2025-12-05 13:31:00,895.1,895.9,895.0,895.45,2574,DHAN_HISTORY,2026-03-15 17:52:24
MOTILALOFS,2025-12-05 13:32:00,895.5,895.55,894.45,894.6,2359,DHAN_HISTORY,2026-03-15 17:52:24
MOTILALOFS,2025-12-05 13:33:00,894.6,895.9,893.4,893.4,3070,DHAN_HISTORY,2026-03-15 17:52:24
MOTILALOFS,2025-12-05 13:34:00,893.35,893.35,892.0,892.0,1244,DHAN_HISTORY,2026-03-15 17:52:24
MOTILALOFS,2025-12-05 13:35:00,892.0,893.2,892.0,892.55,2584,DHAN_HISTORY,2026-03-15 17:52:24
MOTILALOFS,2025-12-05 13:36:00,892.5,893.2,892.3,892.4,725,DHAN_HISTORY,2026-03-15 17:52:24
MOTILALOFS,2025-12-05 13:37:00,892.4,893.8,892.4,893.25,770,DHAN_HISTORY,2026-03-15 17:52:24
MOTILALOFS,2025-12-05 13:38:00,893.15,893.65,893.05,893.6,1080,DHAN_HISTORY,2026-03-15 17:52:24
MOTILALOFS,2025-12-05 13:39:00,893.1,893.65,892.7,893.65,1888,DHAN_HISTORY,2026-03-15 17:52:24
MOTILALOFS,2025-12-05 13:40:00,893.3,893.7,892.7,892.85,683,DHAN_HISTORY,2026-03-15 17:52:24
MOTILALOFS,2025-12-05 13:41:00,892.7,893.25,892.15,893.25,1215,DHAN_HISTORY,2026-03-15 17:52:24
MOTILALOFS,2025-12-05 13:42:00,893.5,893.5,892.15,892.3,593,DHAN_HISTORY,2026-03-15 17:52:24
MOTILALOFS,2025-12-05 13:43:00,892.35,893.05,892.35,892.35,654,DHAN_HISTORY,2026-03-15 17:52:24
MOTILALOFS,2025-12-05 13:44:00,892.6,893.25,891.0,891.0,15071,DHAN_HISTORY,2026-03-15 17:52:24
MOTILALOFS,2025-12-05 13:45:00,890.8,891.9,890.75,891.35,1854,DHAN_HISTORY,2026-03-15 17:52:24
MOTILALOFS,2025-12-05 13:46:00,891.25,891.9,891.25,891.4,1181,DHAN_HISTORY,2026-03-15 17:52:24
MOTILALOFS,2025-12-05 13:47:00,891.7,891.8,890.45,890.45,1840,DHAN_HISTORY,2026-03-15 17:52:24
MOTILALOFS,2025-12-05 13:48:00,890.4,891.2,890.4,890.55,888,DHAN_HISTORY,2026-03-15 17:52:24
MOTILALOFS,2025-12-05 13:49:00,890.75,891.1,890.55,890.85,669,DHAN_HISTORY,2026-03-15 17:52:24
MOTILALOFS,2025-12-05 13:50:00,890.85,891.3,890.4,890.95,2070,DHAN_HISTORY,2026-03-15 17:52:24
MOTILALOFS,2025-12-05 13:51:00,891.0,891.0,890.5,890.5,837,DHAN_HISTORY,2026-03-15 17:52:24
MOTILALOFS,2025-12-05 13:52:00,891.1,891.1,888.25,890.0,11753,DHAN_HISTORY,2026-03-15 17:52:24
MOTILALOFS,2025-12-05 13:53:00,890.0,890.0,888.75,889.1,1011,DHAN_HISTORY,2026-03-15 17:52:24
MOTILALOFS,2025-12-05 13:54:00,888.8,889.7,888.4,889.0,2536,DHAN_HISTORY,2026-03-15 17:52:24
MOTILALOFS,2025-12-05 13:55:00,889.55,889.55,888.0,888.75,4100,DHAN_HISTORY,2026-03-15 17:52:24
MOTILALOFS,2025-12-05 13:56:00,888.75,889.0,888.15,888.75,811,DHAN_HISTORY,2026-03-15 17:52:24
MOTILALOFS,2025-12-05 13:57:00,888.75,889.5,888.05,888.75,2387,DHAN_HISTORY,2026-03-15 17:52:24
MOTILALOFS,2025-12-05 13:58:00,889.3,889.3,888.0,888.7,4649,DHAN_HISTORY,2026-03-15 17:52:24
MOTILALOFS,2025-12-05 13:59:00,888.0,889.25,887.7,888.45,6764,DHAN_HISTORY,2026-03-15 17:52:24
MOTILALOFS,2025-12-05 14:00:00,889.1,890.0,888.7,889.45,6523,DHAN_HISTORY,2026-03-15 17:52:24
MOTILALOFS,2025-12-05 14:01:00,889.45,890.5,889.25,890.25,2142,DHAN_HISTORY,2026-03-15 17:52:24
MOTILALOFS,2025-12-05 14:02:00,890.2,890.5,889.2,890.45,5106,DHAN_HISTORY,2026-03-15 17:52:24
MOTILALOFS,2025-12-05 14:03:00,890.0,890.6,889.3,890.15,2050,DHAN_HISTORY,2026-03-15 17:52:24
MOTILALOFS,2025-12-05 14:04:00,890.1,890.35,889.0,889.0,2413,DHAN_HISTORY,2026-03-15 17:52:24
MOTILALOFS,2025-12-05 14:05:00,889.15,889.25,888.05,888.05,1282,DHAN_HISTORY,2026-03-15 17:52:24
MOTILALOFS,2025-12-05 14:06:00,888.05,888.5,888.05,888.35,525,DHAN_HISTORY,2026-03-15 17:52:24
MOTILALOFS,2025-12-05 14:07:00,888.1,888.6,888.1,888.15,482,DHAN_HISTORY,2026-03-15 17:52:24
MOTILALOFS,2025-12-05 14:08:00,888.15,888.4,886.35,887.0,6801,DHAN_HISTORY,2026-03-15 17:52:24
MOTILALOFS,2025-12-05 14:09:00,887.0,887.95,887.0,887.15,1389,DHAN_HISTORY,2026-03-15 17:52:24
MOTILALOFS,2025-12-05 14:10:00,887.15,887.6,887.05,887.45,542,DHAN_HISTORY,2026-03-15 17:52:24
MOTILALOFS,2025-12-05 14:11:00,887.45,888.1,887.3,887.9,1376,DHAN_HISTORY,2026-03-15 17:52:24
MOTILALOFS,2025-12-05 14:12:00,887.5,888.75,887.5,888.55,1324,DHAN_HISTORY,2026-03-15 17:52:24
MOTILALOFS,2025-12-05 14:13:00,888.75,888.75,887.85,887.9,1306,DHAN_HISTORY,2026-03-15 17:52:24
MOTILALOFS,2025-12-05 14:14:00,887.85,888.3,887.65,887.65,852,DHAN_HISTORY,2026-03-15 17:52:24
MOTILALOFS,2025-12-05 14:15:00,887.8,887.85,887.3,887.35,2151,DHAN_HISTORY,2026-03-15 17:52:24
MOTILALOFS,2025-12-05 14:16:00,887.8,888.2,887.05,887.45,2262,DHAN_HISTORY,2026-03-15 17:52:24
MOTILALOFS,2025-12-05 14:17:00,887.45,888.0,887.15,887.85,553,DHAN_HISTORY,2026-03-15 17:52:24
MOTILALOFS,2025-12-05 14:18:00,887.5,888.75,887.5,888.75,1509,DHAN_HISTORY,2026-03-15 17:52:24
MOTILALOFS,2025-12-05 14:19:00,888.7,888.75,887.75,888.15,804,DHAN_HISTORY,2026-03-15 17:52:24
MOTILALOFS,2025-12-05 14:20:00,888.0,888.25,887.75,888.05,621,DHAN_HISTORY,2026-03-15 17:52:24
MOTILALOFS,2025-12-05 14:21:00,888.0,888.4,887.8,888.25,732,DHAN_HISTORY,2026-03-15 17:52:24
MOTILALOFS,2025-12-05 14:22:00,888.05,888.25,887.75,887.75,1218,DHAN_HISTORY,2026-03-15 17:52:24
MOTILALOFS,2025-12-05 14:23:00,887.5,888.2,887.15,888.2,815,DHAN_HISTORY,2026-03-15 17:52:24
MOTILALOFS,2025-12-05 14:24:00,888.0,888.0,887.2,887.25,1264,DHAN_HISTORY,2026-03-15 17:52:24
MOTILALOFS,2025-12-05 14:25:00,887.4,887.8,886.0,886.0,3682,DHAN_HISTORY,2026-03-15 17:52:24
MOTILALOFS,2025-12-05 14:26:00,886.0,886.3,886.0,886.3,997,DHAN_HISTORY,2026-03-15 17:52:24
MOTILALOFS,2025-12-05 14:27:00,886.0,887.9,886.0,887.9,710,DHAN_HISTORY,2026-03-15 17:52:24
MOTILALOFS,2025-12-05 14:28:00,887.4,887.9,886.75,887.4,6762,DHAN_HISTORY,2026-03-15 17:52:24
MOTILALOFS,2025-12-05 14:29:00,887.15,890.45,887.15,890.05,7044,DHAN_HISTORY,2026-03-15 17:52:24
MOTILALOFS,2025-12-05 14:30:00,890.05,890.6,888.0,888.75,3054,DHAN_HISTORY,2026-03-15 17:52:24
MOTILALOFS,2025-12-05 14:31:00,888.0,889.2,887.85,888.45,2877,DHAN_HISTORY,2026-03-15 17:52:24
MOTILALOFS,2025-12-05 14:32:00,889.0,889.25,888.6,888.65,817,DHAN_HISTORY,2026-03-15 17:52:24
MOTILALOFS,2025-12-05 14:33:00,888.6,889.25,888.55,889.0,958,DHAN_HISTORY,2026-03-15 17:52:24
MOTILALOFS,2025-12-05 14:34:00,888.8,889.0,887.7,888.2,955,DHAN_HISTORY,2026-03-15 17:52:24
MOTILALOFS,2025-12-05 14:35:00,887.75,888.95,887.55,888.2,811,DHAN_HISTORY,2026-03-15 17:52:24
MOTILALOFS,2025-12-05 14:36:00,887.75,888.45,887.5,888.15,1337,DHAN_HISTORY,2026-03-15 17:52:24
MOTILALOFS,2025-12-05 14:37:00,887.55,888.05,887.0,887.4,4257,DHAN_HISTORY,2026-03-15 17:52:24
MOTILALOFS,2025-12-05 14:38:00,887.35,887.4,887.0,887.25,854,DHAN_HISTORY,2026-03-15 17:52:24
MOTILALOFS,2025-12-05 14:39:00,887.25,887.65,886.35,886.35,2009,DHAN_HISTORY,2026-03-15 17:52:24
MOTILALOFS,2025-12-05 14:40:00,886.25,887.2,886.05,886.05,3005,DHAN_HISTORY,2026-03-15 17:52:24
MOTILALOFS,2025-12-05 14:41:00,886.05,886.8,886.0,886.8,3343,DHAN_HISTORY,2026-03-15 17:52:24
MOTILALOFS,2025-12-05 14:42:00,886.2,886.7,885.15,885.3,4559,DHAN_HISTORY,2026-03-15 17:52:24
MOTILALOFS,2025-12-05 14:43:00,885.3,885.75,885.0,885.0,2890,DHAN_HISTORY,2026-03-15 17:52:24
MOTILALOFS,2025-12-05 14:44:00,885.1,885.8,885.0,885.2,1212,DHAN_HISTORY,2026-03-15 17:52:24
MOTILALOFS,2025-12-05 14:45:00,885.65,885.65,882.8,883.3,9922,DHAN_HISTORY,2026-03-15 17:52:24
MOTILALOFS,2025-12-05 14:46:00,883.0,884.0,882.75,883.3,2015,DHAN_HISTORY,2026-03-15 17:52:24
MOTILALOFS,2025-12-05 14:47:00,883.8,883.95,883.25,883.3,2116,DHAN_HISTORY,2026-03-15 17:52:24
MOTILALOFS,2025-12-05 14:48:00,883.35,883.5,882.85,882.85,2466,DHAN_HISTORY,2026-03-15 17:52:24
MOTILALOFS,2025-12-05 14:49:00,883.3,883.3,882.5,882.8,5487,DHAN_HISTORY,2026-03-15 17:52:24
MOTILALOFS,2025-12-05 14:50:00,882.85,883.0,881.95,882.65,6506,DHAN_HISTORY,2026-03-15 17:52:24
MOTILALOFS,2025-12-05 14:51:00,882.65,885.35,881.9,885.05,8931,DHAN_HISTORY,2026-03-15 17:52:24
MOTILALOFS,2025-12-05 14:52:00,885.75,885.75,885.0,885.0,3939,DHAN_HISTORY,2026-03-15 17:52:24
MOTILALOFS,2025-12-05 14:53:00,885.0,885.1,885.0,885.1,5114,DHAN_HISTORY,2026-03-15 17:52:24
MOTILALOFS,2025-12-05 14:54:00,885.05,885.95,885.0,885.3,2846,DHAN_HISTORY,2026-03-15 17:52:24
MOTILALOFS,2025-12-05 14:55:00,885.05,887.95,885.0,887.95,5708,DHAN_HISTORY,2026-03-15 17:52:24
MOTILALOFS,2025-12-05 14:56:00,887.9,887.9,886.05,886.9,3587,DHAN_HISTORY,2026-03-15 17:52:24
MOTILALOFS,2025-12-05 14:57:00,886.9,888.95,886.9,888.5,7299,DHAN_HISTORY,2026-03-15 17:52:24
MOTILALOFS,2025-12-05 14:58:00,888.7,888.9,886.4,886.55,3689,DHAN_HISTORY,2026-03-15 17:52:24
MOTILALOFS,2025-12-05 14:59:00,886.85,887.35,886.3,887.0,2753,DHAN_HISTORY,2026-03-15 17:52:24
MOTILALOFS,2025-12-05 15:00:00,887.35,889.5,887.05,887.1,5591,DHAN_HISTORY,2026-03-15 17:52:24
MOTILALOFS,2025-12-05 15:01:00,887.25,887.5,886.4,886.75,3422,DHAN_HISTORY,2026-03-15 17:52:24
MOTILALOFS,2025-12-05 15:02:00,886.75,887.2,886.2,886.65,3903,DHAN_HISTORY,2026-03-15 17:52:24
MOTILALOFS,2025-12-05 15:03:00,886.55,887.05,886.05,886.7,6752,DHAN_HISTORY,2026-03-15 17:52:24
MOTILALOFS,2025-12-05 15:04:00,886.5,887.4,886.05,886.35,4425,DHAN_HISTORY,2026-03-15 17:52:24
MOTILALOFS,2025-12-05 15:05:00,886.75,886.75,884.6,885.95,28717,DHAN_HISTORY,2026-03-15 17:52:24
MOTILALOFS,2025-12-05 15:06:00,886.0,888.0,885.4,887.1,6363,DHAN_HISTORY,2026-03-15 17:52:24
MOTILALOFS,2025-12-05 15:07:00,887.4,887.45,884.55,884.55,17540,DHAN_HISTORY,2026-03-15 17:52:24
MOTILALOFS,2025-12-05 15:08:00,884.9,885.7,884.5,885.7,7238,DHAN_HISTORY,2026-03-15 17:52:24
MOTILALOFS,2025-12-05 15:09:00,885.0,885.6,884.25,884.4,13662,DHAN_HISTORY,2026-03-15 17:52:24
MOTILALOFS,2025-12-05 15:10:00,884.35,885.0,884.05,884.7,6150,DHAN_HISTORY,2026-03-15 17:52:24
MOTILALOFS,2025-12-05 15:11:00,884.7,885.7,884.0,885.6,6151,DHAN_HISTORY,2026-03-15 17:52:24
MOTILALOFS,2025-12-05 15:12:00,885.6,886.15,884.8,885.5,6813,DHAN_HISTORY,2026-03-15 17:52:24
MOTILALOFS,2025-12-05 15:13:00,885.45,885.6,884.55,885.0,3006,DHAN_HISTORY,2026-03-15 17:52:24
MOTILALOFS,2025-12-05 15:14:00,884.6,885.15,883.85,885.1,10584,DHAN_HISTORY,2026-03-15 17:52:24
MOTILALOFS,2025-12-05 15:15:00,885.1,885.1,884.0,885.05,6234,DHAN_HISTORY,2026-03-15 17:52:24
MOTILALOFS,2025-12-05 15:16:00,885.25,886.15,884.6,885.65,10563,DHAN_HISTORY,2026-03-15 17:52:24
MOTILALOFS,2025-12-05 15:17:00,885.65,886.85,884.6,885.2,7486,DHAN_HISTORY,2026-03-15 17:52:24
MOTILALOFS,2025-12-05 15:18:00,885.2,885.25,883.85,885.25,10117,DHAN_HISTORY,2026-03-15 17:52:24
MOTILALOFS,2025-12-05 15:19:00,885.25,885.85,885.1,885.75,5144,DHAN_HISTORY,2026-03-15 17:52:24
MOTILALOFS,2025-12-05 15:20:00,885.6,885.85,884.6,885.0,7151,DHAN_HISTORY,2026-03-15 17:52:24
MOTILALOFS,2025-12-05 15:21:00,885.0,885.35,882.6,883.7,20024,DHAN_HISTORY,2026-03-15 17:52:24
MOTILALOFS,2025-12-05 15:22:00,883.1,884.9,882.8,884.85,7437,DHAN_HISTORY,2026-03-15 17:52:24
MOTILALOFS,2025-12-05 15:23:00,884.9,884.9,884.1,884.7,5749,DHAN_HISTORY,2026-03-15 17:52:24
MOTILALOFS,2025-12-05 15:24:00,884.75,884.9,883.5,884.5,4614,DHAN_HISTORY,2026-03-15 17:52:24
MOTILALOFS,2025-12-05 15:25:00,884.4,884.75,883.7,883.95,2775,DHAN_HISTORY,2026-03-15 17:52:24
MOTILALOFS,2025-12-05 15:26:00,883.95,884.75,883.85,884.55,4934,DHAN_HISTORY,2026-03-15 17:52:24
MOTILALOFS,2025-12-05 15:27:00,884.55,884.9,884.5,884.5,9927,DHAN_HISTORY,2026-03-15 17:52:24
MOTILALOFS,2025-12-05 15:28:00,884.5,884.5,884.0,884.35,3459,DHAN_HISTORY,2026-03-15 17:52:24
MOTILALOFS,2025-12-05 15:29:00,884.35,888.05,883.0,885.35,13885,DHAN_HISTORY,2026-03-15 17:52:24
