symbol,timestamp,open,high,low,close,volume,source,last_updated
TATAPOWER,2025-12-02 09:15:00,387.1,387.55,386.35,387.0,109073,DHAN_HISTORY,2026-03-15 17:43:51
TATAPOWER,2025-12-02 09:16:00,386.65,386.85,386.05,386.5,61631,DHAN_HISTORY,2026-03-15 17:43:51
TATAPOWER,2025-12-02 09:17:00,386.75,387.0,386.2,386.3,76360,DHAN_HISTORY,2026-03-15 17:43:51
TATAPOWER,2025-12-02 09:18:00,386.4,386.85,386.2,386.7,52645,DHAN_HISTORY,2026-03-15 17:43:51
TATAPOWER,2025-12-02 09:19:00,386.5,387.0,386.5,386.9,33447,DHAN_HISTORY,2026-03-15 17:43:51
TATAPOWER,2025-12-02 09:20:00,386.8,387.0,386.6,386.65,14004,DHAN_HISTORY,2026-03-15 17:43:51
TATAPOWER,2025-12-02 09:21:00,386.6,386.85,386.4,386.4,39557,DHAN_HISTORY,2026-03-15 17:43:51
TATAPOWER,2025-12-02 09:22:00,386.55,386.55,386.15,386.4,17624,DHAN_HISTORY,2026-03-15 17:43:51
TATAPOWER,2025-12-02 09:23:00,386.6,387.25,386.6,387.15,13622,DHAN_HISTORY,2026-03-15 17:43:51
TATAPOWER,2025-12-02 09:24:00,387.15,387.4,387.15,387.35,11215,DHAN_HISTORY,2026-03-15 17:43:51
TATAPOWER,2025-12-02 09:25:00,387.25,387.3,386.8,386.95,21445,DHAN_HISTORY,2026-03-15 17:43:51
TATAPOWER,2025-12-02 09:26:00,386.75,386.95,386.7,386.85,11057,DHAN_HISTORY,2026-03-15 17:43:51
TATAPOWER,2025-12-02 09:27:00,386.85,387.25,386.85,386.9,10358,DHAN_HISTORY,2026-03-15 17:43:51
TATAPOWER,2025-12-02 09:28:00,387.05,387.05,386.75,386.95,4917,DHAN_HISTORY,2026-03-15 17:43:51
TATAPOWER,2025-12-02 09:29:00,386.95,386.95,386.4,386.6,16203,DHAN_HISTORY,2026-03-15 17:43:51
TATAPOWER,2025-12-02 09:30:00,386.6,386.65,386.35,386.35,7890,DHAN_HISTORY,2026-03-15 17:43:51
TATAPOWER,2025-12-02 09:31:00,386.3,386.4,385.9,386.1,44408,DHAN_HISTORY,2026-03-15 17:43:51
TATAPOWER,2025-12-02 09:32:00,386.1,386.75,386.05,386.55,10984,DHAN_HISTORY,2026-03-15 17:43:51
TATAPOWER,2025-12-02 09:33:00,386.55,386.7,386.45,386.45,10019,DHAN_HISTORY,2026-03-15 17:43:51
TATAPOWER,2025-12-02 09:34:00,386.5,386.55,386.4,386.5,6412,DHAN_HISTORY,2026-03-15 17:43:51
TATAPOWER,2025-12-02 09:35:00,386.5,386.7,386.4,386.5,7046,DHAN_HISTORY,2026-03-15 17:43:51
TATAPOWER,2025-12-02 09:36:00,386.45,386.8,386.45,386.7,4162,DHAN_HISTORY,2026-03-15 17:43:51
TATAPOWER,2025-12-02 09:37:00,386.7,387.15,386.7,387.0,13139,DHAN_HISTORY,2026-03-15 17:43:51
TATAPOWER,2025-12-02 09:38:00,387.0,387.15,386.9,387.05,3664,DHAN_HISTORY,2026-03-15 17:43:51
TATAPOWER,2025-12-02 09:39:00,387.0,387.15,386.9,387.05,13091,DHAN_HISTORY,2026-03-15 17:43:51
TATAPOWER,2025-12-02 09:40:00,387.15,387.2,387.05,387.2,6572,DHAN_HISTORY,2026-03-15 17:43:51
TATAPOWER,2025-12-02 09:41:00,387.15,387.15,386.85,387.0,6861,DHAN_HISTORY,2026-03-15 17:43:51
TATAPOWER,2025-12-02 09:42:00,386.85,387.15,386.85,387.0,10924,DHAN_HISTORY,2026-03-15 17:43:51
TATAPOWER,2025-12-02 09:43:00,386.95,387.05,386.8,386.9,1250,DHAN_HISTORY,2026-03-15 17:43:51
TATAPOWER,2025-12-02 09:44:00,386.8,387.1,386.8,387.0,5009,DHAN_HISTORY,2026-03-15 17:43:51
TATAPOWER,2025-12-02 09:45:00,386.95,387.1,386.9,387.0,3155,DHAN_HISTORY,2026-03-15 17:43:51
TATAPOWER,2025-12-02 09:46:00,387.1,387.3,387.05,387.2,6132,DHAN_HISTORY,2026-03-15 17:43:51
TATAPOWER,2025-12-02 09:47:00,387.2,387.5,387.15,387.5,6739,DHAN_HISTORY,2026-03-15 17:43:51
TATAPOWER,2025-12-02 09:48:00,387.5,387.5,387.35,387.35,4720,DHAN_HISTORY,2026-03-15 17:43:51
TATAPOWER,2025-12-02 09:49:00,387.35,387.55,387.35,387.5,13398,DHAN_HISTORY,2026-03-15 17:43:51
TATAPOWER,2025-12-02 09:50:00,387.55,387.55,387.35,387.35,6993,DHAN_HISTORY,2026-03-15 17:43:51
TATAPOWER,2025-12-02 09:51:00,387.35,387.45,387.35,387.45,12692,DHAN_HISTORY,2026-03-15 17:43:51
TATAPOWER,2025-12-02 09:52:00,387.6,387.6,387.35,387.45,4347,DHAN_HISTORY,2026-03-15 17:43:51
TATAPOWER,2025-12-02 09:53:00,387.45,387.45,386.95,387.05,18894,DHAN_HISTORY,2026-03-15 17:43:51
TATAPOWER,2025-12-02 09:54:00,386.95,387.15,386.9,387.15,5644,DHAN_HISTORY,2026-03-15 17:43:51
TATAPOWER,2025-12-02 09:55:00,387.15,387.25,387.0,387.2,6903,DHAN_HISTORY,2026-03-15 17:43:51
TATAPOWER,2025-12-02 09:56:00,387.3,387.3,387.1,387.1,1825,DHAN_HISTORY,2026-03-15 17:43:51
TATAPOWER,2025-12-02 09:57:00,387.1,387.15,386.9,387.0,5702,DHAN_HISTORY,2026-03-15 17:43:51
TATAPOWER,2025-12-02 09:58:00,387.0,387.2,386.9,387.2,5420,DHAN_HISTORY,2026-03-15 17:43:51
TATAPOWER,2025-12-02 09:59:00,387.05,387.4,387.05,387.3,3228,DHAN_HISTORY,2026-03-15 17:43:51
TATAPOWER,2025-12-02 10:00:00,387.2,387.7,387.1,387.55,19216,DHAN_HISTORY,2026-03-15 17:43:51
TATAPOWER,2025-12-02 10:01:00,387.7,387.7,387.55,387.6,2787,DHAN_HISTORY,2026-03-15 17:43:51
TATAPOWER,2025-12-02 10:02:00,387.65,387.7,387.6,387.6,4607,DHAN_HISTORY,2026-03-15 17:43:51
TATAPOWER,2025-12-02 10:03:00,387.65,387.65,387.25,387.4,14590,DHAN_HISTORY,2026-03-15 17:43:51
TATAPOWER,2025-12-02 10:04:00,387.4,387.65,387.3,387.6,6634,DHAN_HISTORY,2026-03-15 17:43:51
TATAPOWER,2025-12-02 10:05:00,387.6,387.9,387.5,387.9,10375,DHAN_HISTORY,2026-03-15 17:43:51
TATAPOWER,2025-12-02 10:06:00,387.85,387.95,387.55,387.7,5530,DHAN_HISTORY,2026-03-15 17:43:51
TATAPOWER,2025-12-02 10:07:00,387.65,387.7,387.5,387.5,3502,DHAN_HISTORY,2026-03-15 17:43:51
TATAPOWER,2025-12-02 10:08:00,387.5,387.6,387.15,387.15,6006,DHAN_HISTORY,2026-03-15 17:43:51
TATAPOWER,2025-12-02 10:09:00,387.15,387.3,387.15,387.25,1219,DHAN_HISTORY,2026-03-15 17:43:51
TATAPOWER,2025-12-02 10:10:00,387.25,387.25,387.15,387.25,490,DHAN_HISTORY,2026-03-15 17:43:51
TATAPOWER,2025-12-02 10:11:00,387.25,387.25,386.55,386.55,21180,DHAN_HISTORY,2026-03-15 17:43:51
TATAPOWER,2025-12-02 10:12:00,386.65,386.7,386.55,386.55,3421,DHAN_HISTORY,2026-03-15 17:43:51
TATAPOWER,2025-12-02 10:13:00,386.7,386.75,386.65,386.75,2604,DHAN_HISTORY,2026-03-15 17:43:51
TATAPOWER,2025-12-02 10:14:00,386.75,386.85,386.5,386.6,12725,DHAN_HISTORY,2026-03-15 17:43:51
TATAPOWER,2025-12-02 10:15:00,386.6,386.6,386.5,386.6,3655,DHAN_HISTORY,2026-03-15 17:43:51
TATAPOWER,2025-12-02 10:16:00,386.6,386.6,386.35,386.35,14319,DHAN_HISTORY,2026-03-15 17:43:51
TATAPOWER,2025-12-02 10:17:00,386.5,386.5,386.15,386.3,6213,DHAN_HISTORY,2026-03-15 17:43:51
TATAPOWER,2025-12-02 10:18:00,386.5,386.5,386.25,386.3,2146,DHAN_HISTORY,2026-03-15 17:43:51
TATAPOWER,2025-12-02 10:19:00,386.3,386.6,386.3,386.45,6038,DHAN_HISTORY,2026-03-15 17:43:51
TATAPOWER,2025-12-02 10:20:00,386.65,387.15,386.65,387.0,4600,DHAN_HISTORY,2026-03-15 17:43:51
TATAPOWER,2025-12-02 10:21:00,387.0,387.15,386.8,386.9,4018,DHAN_HISTORY,2026-03-15 17:43:51
TATAPOWER,2025-12-02 10:22:00,386.75,386.85,386.75,386.85,581,DHAN_HISTORY,2026-03-15 17:43:51
TATAPOWER,2025-12-02 10:23:00,386.85,386.85,386.75,386.75,558,DHAN_HISTORY,2026-03-15 17:43:51
TATAPOWER,2025-12-02 10:24:00,386.85,386.85,386.75,386.8,894,DHAN_HISTORY,2026-03-15 17:43:51
TATAPOWER,2025-12-02 10:25:00,386.75,386.8,386.65,386.65,3309,DHAN_HISTORY,2026-03-15 17:43:51
TATAPOWER,2025-12-02 10:26:00,386.65,386.7,386.6,386.7,4580,DHAN_HISTORY,2026-03-15 17:43:51
TATAPOWER,2025-12-02 10:27:00,386.65,387.0,386.6,386.6,7959,DHAN_HISTORY,2026-03-15 17:43:51
TATAPOWER,2025-12-02 10:28:00,386.7,386.7,386.6,386.7,552,DHAN_HISTORY,2026-03-15 17:43:51
TATAPOWER,2025-12-02 10:29:00,386.6,386.7,386.6,386.6,550,DHAN_HISTORY,2026-03-15 17:43:51
TATAPOWER,2025-12-02 10:30:00,386.7,387.05,386.7,386.95,6332,DHAN_HISTORY,2026-03-15 17:43:51
TATAPOWER,2025-12-02 10:31:00,386.9,387.1,386.75,386.85,3591,DHAN_HISTORY,2026-03-15 17:43:51
TATAPOWER,2025-12-02 10:32:00,386.85,387.0,386.8,386.85,2625,DHAN_HISTORY,2026-03-15 17:43:51
TATAPOWER,2025-12-02 10:33:00,386.85,387.4,386.8,387.4,8534,DHAN_HISTORY,2026-03-15 17:43:51
TATAPOWER,2025-12-02 10:34:00,387.4,387.4,387.2,387.3,2870,DHAN_HISTORY,2026-03-15 17:43:51
TATAPOWER,2025-12-02 10:35:00,387.4,387.55,387.25,387.35,2934,DHAN_HISTORY,2026-03-15 17:43:51
TATAPOWER,2025-12-02 10:36:00,387.55,387.55,387.3,387.4,2095,DHAN_HISTORY,2026-03-15 17:43:51
TATAPOWER,2025-12-02 10:37:00,387.3,387.4,387.3,387.3,830,DHAN_HISTORY,2026-03-15 17:43:51
TATAPOWER,2025-12-02 10:38:00,387.4,387.6,387.35,387.5,7667,DHAN_HISTORY,2026-03-15 17:43:51
TATAPOWER,2025-12-02 10:39:00,387.5,387.65,387.4,387.5,3307,DHAN_HISTORY,2026-03-15 17:43:51
TATAPOWER,2025-12-02 10:40:00,387.5,387.5,387.4,387.5,604,DHAN_HISTORY,2026-03-15 17:43:51
TATAPOWER,2025-12-02 10:41:00,387.4,387.85,387.4,387.65,19481,DHAN_HISTORY,2026-03-15 17:43:51
TATAPOWER,2025-12-02 10:42:00,388.0,388.15,387.6,387.6,45987,DHAN_HISTORY,2026-03-15 17:43:51
TATAPOWER,2025-12-02 10:43:00,387.75,387.75,387.5,387.55,2869,DHAN_HISTORY,2026-03-15 17:43:51
TATAPOWER,2025-12-02 10:44:00,387.55,387.55,387.5,387.5,6165,DHAN_HISTORY,2026-03-15 17:43:51
TATAPOWER,2025-12-02 10:45:00,387.55,387.7,387.4,387.6,6045,DHAN_HISTORY,2026-03-15 17:43:51
TATAPOWER,2025-12-02 10:46:00,387.5,387.6,387.5,387.55,373,DHAN_HISTORY,2026-03-15 17:43:51
TATAPOWER,2025-12-02 10:47:00,387.5,387.55,387.45,387.5,1116,DHAN_HISTORY,2026-03-15 17:43:51
TATAPOWER,2025-12-02 10:48:00,387.55,387.55,387.35,387.5,13058,DHAN_HISTORY,2026-03-15 17:43:51
TATAPOWER,2025-12-02 10:49:00,387.5,387.7,387.5,387.55,6287,DHAN_HISTORY,2026-03-15 17:43:51
TATAPOWER,2025-12-02 10:50:00,387.7,388.15,387.7,388.0,7783,DHAN_HISTORY,2026-03-15 17:43:51
TATAPOWER,2025-12-02 10:51:00,388.0,388.1,387.85,387.85,1587,DHAN_HISTORY,2026-03-15 17:43:51
TATAPOWER,2025-12-02 10:52:00,387.85,387.95,387.85,387.95,2026,DHAN_HISTORY,2026-03-15 17:43:51
TATAPOWER,2025-12-02 10:53:00,387.9,387.95,387.85,387.85,646,DHAN_HISTORY,2026-03-15 17:43:51
TATAPOWER,2025-12-02 10:54:00,387.9,387.9,387.75,387.75,1489,DHAN_HISTORY,2026-03-15 17:43:51
TATAPOWER,2025-12-02 10:55:00,387.85,387.85,387.75,387.75,326,DHAN_HISTORY,2026-03-15 17:43:51
TATAPOWER,2025-12-02 10:56:00,387.75,387.8,387.6,387.7,3625,DHAN_HISTORY,2026-03-15 17:43:51
TATAPOWER,2025-12-02 10:57:00,387.6,387.9,387.6,387.85,7700,DHAN_HISTORY,2026-03-15 17:43:51
TATAPOWER,2025-12-02 10:58:00,387.85,387.95,387.85,387.95,1791,DHAN_HISTORY,2026-03-15 17:43:51
TATAPOWER,2025-12-02 10:59:00,387.95,387.95,387.85,387.85,992,DHAN_HISTORY,2026-03-15 17:43:51
TATAPOWER,2025-12-02 11:00:00,387.85,387.95,387.85,387.9,3753,DHAN_HISTORY,2026-03-15 17:43:51
TATAPOWER,2025-12-02 11:01:00,387.9,387.9,387.6,387.7,4676,DHAN_HISTORY,2026-03-15 17:43:51
TATAPOWER,2025-12-02 11:02:00,387.7,387.7,387.55,387.7,2037,DHAN_HISTORY,2026-03-15 17:43:51
TATAPOWER,2025-12-02 11:03:00,387.7,387.7,387.5,387.55,4617,DHAN_HISTORY,2026-03-15 17:43:51
TATAPOWER,2025-12-02 11:04:00,387.65,387.65,387.4,387.55,19679,DHAN_HISTORY,2026-03-15 17:43:51
TATAPOWER,2025-12-02 11:05:00,387.55,387.55,387.4,387.55,2985,DHAN_HISTORY,2026-03-15 17:43:51
TATAPOWER,2025-12-02 11:06:00,387.4,387.55,387.4,387.55,5110,DHAN_HISTORY,2026-03-15 17:43:51
TATAPOWER,2025-12-02 11:07:00,387.55,387.65,387.45,387.65,3725,DHAN_HISTORY,2026-03-15 17:43:51
TATAPOWER,2025-12-02 11:08:00,387.5,387.9,387.5,387.85,4375,DHAN_HISTORY,2026-03-15 17:43:51
TATAPOWER,2025-12-02 11:09:00,387.85,387.9,387.75,387.9,2466,DHAN_HISTORY,2026-03-15 17:43:51
TATAPOWER,2025-12-02 11:10:00,387.9,387.9,387.8,387.8,2616,DHAN_HISTORY,2026-03-15 17:43:51
TATAPOWER,2025-12-02 11:11:00,387.9,387.9,387.8,387.9,2609,DHAN_HISTORY,2026-03-15 17:43:51
TATAPOWER,2025-12-02 11:12:00,387.9,387.9,387.85,387.9,3978,DHAN_HISTORY,2026-03-15 17:43:51
TATAPOWER,2025-12-02 11:13:00,387.9,387.9,387.85,387.85,3051,DHAN_HISTORY,2026-03-15 17:43:51
TATAPOWER,2025-12-02 11:14:00,387.85,387.9,387.85,387.9,3607,DHAN_HISTORY,2026-03-15 17:43:51
TATAPOWER,2025-12-02 11:15:00,387.9,387.9,387.75,387.9,1064,DHAN_HISTORY,2026-03-15 17:43:51
TATAPOWER,2025-12-02 11:16:00,387.9,387.9,387.75,387.9,1800,DHAN_HISTORY,2026-03-15 17:43:51
TATAPOWER,2025-12-02 11:17:00,387.85,387.9,387.7,387.9,2902,DHAN_HISTORY,2026-03-15 17:43:51
TATAPOWER,2025-12-02 11:18:00,387.9,387.9,387.8,387.9,2007,DHAN_HISTORY,2026-03-15 17:43:51
TATAPOWER,2025-12-02 11:19:00,387.9,387.9,387.85,387.9,551,DHAN_HISTORY,2026-03-15 17:43:51
TATAPOWER,2025-12-02 11:20:00,387.9,387.9,387.75,387.9,3974,DHAN_HISTORY,2026-03-15 17:43:51
TATAPOWER,2025-12-02 11:21:00,387.9,387.9,387.85,387.9,4546,DHAN_HISTORY,2026-03-15 17:43:51
TATAPOWER,2025-12-02 11:22:00,387.85,387.9,387.75,387.9,78688,DHAN_HISTORY,2026-03-15 17:43:51
TATAPOWER,2025-12-02 11:23:00,387.9,387.9,387.85,387.85,8977,DHAN_HISTORY,2026-03-15 17:43:51
TATAPOWER,2025-12-02 11:24:00,387.85,387.9,387.8,387.85,940,DHAN_HISTORY,2026-03-15 17:43:51
TATAPOWER,2025-12-02 11:25:00,387.85,387.9,387.85,387.9,761,DHAN_HISTORY,2026-03-15 17:43:51
TATAPOWER,2025-12-02 11:26:00,387.85,387.9,387.8,387.85,757,DHAN_HISTORY,2026-03-15 17:43:51
TATAPOWER,2025-12-02 11:27:00,387.9,387.9,387.85,387.9,726,DHAN_HISTORY,2026-03-15 17:43:51
TATAPOWER,2025-12-02 11:28:00,387.9,387.9,387.8,387.9,826,DHAN_HISTORY,2026-03-15 17:43:51
TATAPOWER,2025-12-02 11:29:00,387.9,387.9,387.8,387.85,949,DHAN_HISTORY,2026-03-15 17:43:51
TATAPOWER,2025-12-02 11:30:00,387.9,387.9,387.85,387.85,5763,DHAN_HISTORY,2026-03-15 17:43:51
TATAPOWER,2025-12-02 11:31:00,387.85,387.9,387.85,387.85,1548,DHAN_HISTORY,2026-03-15 17:43:51
TATAPOWER,2025-12-02 11:32:00,387.8,387.9,387.8,387.9,1965,DHAN_HISTORY,2026-03-15 17:43:51
TATAPOWER,2025-12-02 11:33:00,387.9,388.4,387.8,388.3,20855,DHAN_HISTORY,2026-03-15 17:43:51
TATAPOWER,2025-12-02 11:34:00,388.3,388.35,388.05,388.2,2032,DHAN_HISTORY,2026-03-15 17:43:51
TATAPOWER,2025-12-02 11:35:00,388.2,388.2,388.05,388.1,1235,DHAN_HISTORY,2026-03-15 17:43:51
TATAPOWER,2025-12-02 11:36:00,388.2,388.2,388.05,388.15,525,DHAN_HISTORY,2026-03-15 17:43:51
TATAPOWER,2025-12-02 11:37:00,388.15,388.15,388.0,388.05,2215,DHAN_HISTORY,2026-03-15 17:43:51
TATAPOWER,2025-12-02 11:38:00,388.15,388.2,388.05,388.1,940,DHAN_HISTORY,2026-03-15 17:43:51
TATAPOWER,2025-12-02 11:39:00,388.1,388.3,388.1,388.2,6332,DHAN_HISTORY,2026-03-15 17:43:51
TATAPOWER,2025-12-02 11:40:00,388.2,388.4,388.2,388.3,3569,DHAN_HISTORY,2026-03-15 17:43:51
TATAPOWER,2025-12-02 11:41:00,388.25,388.35,388.1,388.1,2003,DHAN_HISTORY,2026-03-15 17:43:51
TATAPOWER,2025-12-02 11:42:00,388.05,388.15,387.7,387.95,1368,DHAN_HISTORY,2026-03-15 17:43:51
TATAPOWER,2025-12-02 11:43:00,387.95,387.95,387.8,387.85,440,DHAN_HISTORY,2026-03-15 17:43:51
TATAPOWER,2025-12-02 11:44:00,387.8,387.95,387.8,387.85,861,DHAN_HISTORY,2026-03-15 17:43:51
TATAPOWER,2025-12-02 11:45:00,387.95,387.95,387.7,387.95,4458,DHAN_HISTORY,2026-03-15 17:43:51
TATAPOWER,2025-12-02 11:46:00,387.95,387.95,387.85,387.85,323,DHAN_HISTORY,2026-03-15 17:43:51
TATAPOWER,2025-12-02 11:47:00,387.95,388.0,387.85,387.85,7384,DHAN_HISTORY,2026-03-15 17:43:51
TATAPOWER,2025-12-02 11:48:00,387.95,388.15,387.85,388.05,1408,DHAN_HISTORY,2026-03-15 17:43:51
TATAPOWER,2025-12-02 11:49:00,388.0,388.15,387.95,388.15,3694,DHAN_HISTORY,2026-03-15 17:43:51
TATAPOWER,2025-12-02 11:50:00,388.1,388.1,388.0,388.1,1588,DHAN_HISTORY,2026-03-15 17:43:51
TATAPOWER,2025-12-02 11:51:00,388.1,388.1,388.0,388.05,506,DHAN_HISTORY,2026-03-15 17:43:51
TATAPOWER,2025-12-02 11:52:00,388.05,388.05,388.0,388.0,638,DHAN_HISTORY,2026-03-15 17:43:51
TATAPOWER,2025-12-02 11:53:00,388.0,388.05,387.95,388.0,1873,DHAN_HISTORY,2026-03-15 17:43:51
TATAPOWER,2025-12-02 11:54:00,388.0,388.05,388.0,388.0,17391,DHAN_HISTORY,2026-03-15 17:43:51
TATAPOWER,2025-12-02 11:55:00,388.05,388.05,388.0,388.0,24838,DHAN_HISTORY,2026-03-15 17:43:51
TATAPOWER,2025-12-02 11:56:00,388.0,388.05,387.95,388.0,26380,DHAN_HISTORY,2026-03-15 17:43:51
TATAPOWER,2025-12-02 11:57:00,388.0,388.2,388.0,388.1,11451,DHAN_HISTORY,2026-03-15 17:43:51
TATAPOWER,2025-12-02 11:58:00,388.3,388.3,388.15,388.3,5106,DHAN_HISTORY,2026-03-15 17:43:51
TATAPOWER,2025-12-02 11:59:00,388.2,388.3,388.2,388.2,666,DHAN_HISTORY,2026-03-15 17:43:51
TATAPOWER,2025-12-02 12:00:00,388.25,388.25,388.15,388.15,1139,DHAN_HISTORY,2026-03-15 17:43:51
TATAPOWER,2025-12-02 12:01:00,388.15,388.25,388.05,388.05,3727,DHAN_HISTORY,2026-03-15 17:43:51
TATAPOWER,2025-12-02 12:02:00,388.1,388.1,388.0,388.0,6904,DHAN_HISTORY,2026-03-15 17:43:51
TATAPOWER,2025-12-02 12:03:00,388.05,388.1,388.0,388.0,1438,DHAN_HISTORY,2026-03-15 17:43:51
TATAPOWER,2025-12-02 12:04:00,388.0,388.05,388.0,388.0,6424,DHAN_HISTORY,2026-03-15 17:43:51
TATAPOWER,2025-12-02 12:05:00,388.0,388.05,387.85,387.85,54660,DHAN_HISTORY,2026-03-15 17:43:51
TATAPOWER,2025-12-02 12:06:00,388.0,388.05,387.5,387.8,14234,DHAN_HISTORY,2026-03-15 17:43:51
TATAPOWER,2025-12-02 12:07:00,387.6,387.9,387.55,387.9,5654,DHAN_HISTORY,2026-03-15 17:43:51
TATAPOWER,2025-12-02 12:08:00,387.9,388.0,387.9,388.0,3825,DHAN_HISTORY,2026-03-15 17:43:51
TATAPOWER,2025-12-02 12:09:00,388.0,388.0,387.8,387.95,865,DHAN_HISTORY,2026-03-15 17:43:51
TATAPOWER,2025-12-02 12:10:00,387.95,388.0,387.9,387.9,1480,DHAN_HISTORY,2026-03-15 17:43:51
TATAPOWER,2025-12-02 12:11:00,387.85,387.9,387.8,387.9,1805,DHAN_HISTORY,2026-03-15 17:43:51
TATAPOWER,2025-12-02 12:12:00,387.9,388.0,387.9,388.0,931,DHAN_HISTORY,2026-03-15 17:43:51
TATAPOWER,2025-12-02 12:13:00,388.0,388.0,387.9,388.0,551,DHAN_HISTORY,2026-03-15 17:43:51
TATAPOWER,2025-12-02 12:14:00,387.9,388.0,387.8,387.8,519,DHAN_HISTORY,2026-03-15 17:43:51
TATAPOWER,2025-12-02 12:15:00,387.85,387.85,387.75,387.85,2699,DHAN_HISTORY,2026-03-15 17:43:51
TATAPOWER,2025-12-02 12:16:00,387.85,387.85,387.7,387.8,2514,DHAN_HISTORY,2026-03-15 17:43:51
TATAPOWER,2025-12-02 12:17:00,387.8,388.0,387.7,388.0,4227,DHAN_HISTORY,2026-03-15 17:43:51
TATAPOWER,2025-12-02 12:18:00,388.0,388.0,387.65,387.9,2803,DHAN_HISTORY,2026-03-15 17:43:51
TATAPOWER,2025-12-02 12:19:00,387.85,387.9,387.7,387.9,1905,DHAN_HISTORY,2026-03-15 17:43:51
TATAPOWER,2025-12-02 12:20:00,387.9,387.9,387.75,387.8,2060,DHAN_HISTORY,2026-03-15 17:43:51
TATAPOWER,2025-12-02 12:21:00,387.8,388.0,387.8,388.0,2230,DHAN_HISTORY,2026-03-15 17:43:51
TATAPOWER,2025-12-02 12:22:00,387.9,387.9,387.8,387.85,166,DHAN_HISTORY,2026-03-15 17:43:51
TATAPOWER,2025-12-02 12:23:00,387.9,387.9,387.8,387.9,436,DHAN_HISTORY,2026-03-15 17:43:51
TATAPOWER,2025-12-02 12:24:00,387.8,388.15,387.8,388.1,2711,DHAN_HISTORY,2026-03-15 17:43:51
TATAPOWER,2025-12-02 12:25:00,388.2,388.2,387.9,387.9,2105,DHAN_HISTORY,2026-03-15 17:43:51
TATAPOWER,2025-12-02 12:26:00,387.9,388.0,387.8,388.0,3083,DHAN_HISTORY,2026-03-15 17:43:51
TATAPOWER,2025-12-02 12:27:00,387.95,388.1,387.9,388.0,553,DHAN_HISTORY,2026-03-15 17:43:51
TATAPOWER,2025-12-02 12:28:00,387.95,388.1,387.95,388.1,231,DHAN_HISTORY,2026-03-15 17:43:51
TATAPOWER,2025-12-02 12:29:00,387.95,388.1,387.9,387.95,949,DHAN_HISTORY,2026-03-15 17:43:51
TATAPOWER,2025-12-02 12:30:00,388.05,388.05,387.95,388.05,493,DHAN_HISTORY,2026-03-15 17:43:51
TATAPOWER,2025-12-02 12:31:00,388.05,388.1,387.95,388.1,4388,DHAN_HISTORY,2026-03-15 17:43:51
TATAPOWER,2025-12-02 12:32:00,388.1,388.1,387.95,388.0,545,DHAN_HISTORY,2026-03-15 17:43:51
TATAPOWER,2025-12-02 12:33:00,388.0,388.2,388.0,388.2,6701,DHAN_HISTORY,2026-03-15 17:43:51
TATAPOWER,2025-12-02 12:34:00,388.2,388.2,388.15,388.2,457,DHAN_HISTORY,2026-03-15 17:43:51
TATAPOWER,2025-12-02 12:35:00,388.15,388.35,388.15,388.25,2873,DHAN_HISTORY,2026-03-15 17:43:51
TATAPOWER,2025-12-02 12:36:00,388.4,388.4,388.35,388.4,1213,DHAN_HISTORY,2026-03-15 17:43:51
TATAPOWER,2025-12-02 12:37:00,388.35,388.4,388.25,388.4,2206,DHAN_HISTORY,2026-03-15 17:43:51
TATAPOWER,2025-12-02 12:38:00,388.4,388.4,388.15,388.15,2655,DHAN_HISTORY,2026-03-15 17:43:51
TATAPOWER,2025-12-02 12:39:00,388.25,388.25,388.15,388.25,452,DHAN_HISTORY,2026-03-15 17:43:51
TATAPOWER,2025-12-02 12:40:00,388.15,388.25,388.1,388.15,3748,DHAN_HISTORY,2026-03-15 17:43:51
TATAPOWER,2025-12-02 12:41:00,388.2,388.2,388.0,388.0,1965,DHAN_HISTORY,2026-03-15 17:43:51
TATAPOWER,2025-12-02 12:42:00,388.15,388.15,388.0,388.0,922,DHAN_HISTORY,2026-03-15 17:43:51
TATAPOWER,2025-12-02 12:43:00,388.0,388.1,387.9,388.1,1781,DHAN_HISTORY,2026-03-15 17:43:51
TATAPOWER,2025-12-02 12:44:00,387.95,388.1,387.9,388.1,265,DHAN_HISTORY,2026-03-15 17:43:51
TATAPOWER,2025-12-02 12:45:00,388.1,388.1,387.9,387.95,645,DHAN_HISTORY,2026-03-15 17:43:51
TATAPOWER,2025-12-02 12:46:00,387.95,388.1,387.9,388.0,2605,DHAN_HISTORY,2026-03-15 17:43:51
TATAPOWER,2025-12-02 12:47:00,388.05,388.05,387.95,388.05,712,DHAN_HISTORY,2026-03-15 17:43:51
TATAPOWER,2025-12-02 12:48:00,388.05,388.05,387.95,387.95,900,DHAN_HISTORY,2026-03-15 17:43:51
TATAPOWER,2025-12-02 12:49:00,388.05,388.05,387.95,388.05,197,DHAN_HISTORY,2026-03-15 17:43:51
TATAPOWER,2025-12-02 12:50:00,387.95,388.05,387.95,387.95,753,DHAN_HISTORY,2026-03-15 17:43:51
TATAPOWER,2025-12-02 12:51:00,388.05,388.15,387.95,388.15,6277,DHAN_HISTORY,2026-03-15 17:43:51
TATAPOWER,2025-12-02 12:52:00,388.15,388.15,388.0,388.0,1142,DHAN_HISTORY,2026-03-15 17:43:51
TATAPOWER,2025-12-02 12:53:00,388.0,388.05,388.0,388.0,477,DHAN_HISTORY,2026-03-15 17:43:51
TATAPOWER,2025-12-02 12:54:00,388.05,388.05,387.95,387.95,700,DHAN_HISTORY,2026-03-15 17:43:51
TATAPOWER,2025-12-02 12:55:00,388.05,388.05,387.75,388.05,19060,DHAN_HISTORY,2026-03-15 17:43:51
TATAPOWER,2025-12-02 12:56:00,387.85,388.05,387.85,388.0,1018,DHAN_HISTORY,2026-03-15 17:43:51
TATAPOWER,2025-12-02 12:57:00,388.0,388.05,387.85,388.0,1516,DHAN_HISTORY,2026-03-15 17:43:51
TATAPOWER,2025-12-02 12:58:00,387.9,388.05,387.9,388.05,3582,DHAN_HISTORY,2026-03-15 17:43:51
TATAPOWER,2025-12-02 12:59:00,388.25,388.8,388.05,388.8,44570,DHAN_HISTORY,2026-03-15 17:43:51
TATAPOWER,2025-12-02 13:00:00,388.75,388.75,388.5,388.55,2694,DHAN_HISTORY,2026-03-15 17:43:51
TATAPOWER,2025-12-02 13:01:00,388.5,388.55,388.1,388.25,38725,DHAN_HISTORY,2026-03-15 17:43:51
TATAPOWER,2025-12-02 13:02:00,388.5,388.6,388.0,388.55,76627,DHAN_HISTORY,2026-03-15 17:43:51
TATAPOWER,2025-12-02 13:03:00,388.55,388.7,388.5,388.7,23357,DHAN_HISTORY,2026-03-15 17:43:51
TATAPOWER,2025-12-02 13:04:00,388.8,388.8,388.65,388.7,1515,DHAN_HISTORY,2026-03-15 17:43:51
TATAPOWER,2025-12-02 13:05:00,388.8,388.8,387.95,387.95,50685,DHAN_HISTORY,2026-03-15 17:43:51
TATAPOWER,2025-12-02 13:06:00,388.05,388.25,387.95,388.25,7525,DHAN_HISTORY,2026-03-15 17:43:51
TATAPOWER,2025-12-02 13:07:00,388.25,388.25,388.05,388.05,200,DHAN_HISTORY,2026-03-15 17:43:51
TATAPOWER,2025-12-02 13:08:00,388.0,388.15,388.0,388.15,465,DHAN_HISTORY,2026-03-15 17:43:51
TATAPOWER,2025-12-02 13:09:00,388.1,388.25,388.05,388.25,7858,DHAN_HISTORY,2026-03-15 17:43:51
TATAPOWER,2025-12-02 13:10:00,388.25,388.25,388.15,388.25,501,DHAN_HISTORY,2026-03-15 17:43:51
TATAPOWER,2025-12-02 13:11:00,388.25,388.25,387.95,387.95,10149,DHAN_HISTORY,2026-03-15 17:43:51
TATAPOWER,2025-12-02 13:12:00,388.05,388.15,388.0,388.15,689,DHAN_HISTORY,2026-03-15 17:43:51
TATAPOWER,2025-12-02 13:13:00,388.05,388.35,388.05,388.3,1921,DHAN_HISTORY,2026-03-15 17:43:51
TATAPOWER,2025-12-02 13:14:00,388.4,388.5,388.2,388.3,1447,DHAN_HISTORY,2026-03-15 17:43:51
TATAPOWER,2025-12-02 13:15:00,388.3,388.3,388.2,388.3,459,DHAN_HISTORY,2026-03-15 17:43:51
TATAPOWER,2025-12-02 13:16:00,388.2,388.3,388.2,388.25,687,DHAN_HISTORY,2026-03-15 17:43:51
TATAPOWER,2025-12-02 13:17:00,388.2,388.25,388.2,388.25,761,DHAN_HISTORY,2026-03-15 17:43:51
TATAPOWER,2025-12-02 13:18:00,388.2,388.25,388.2,388.2,2136,DHAN_HISTORY,2026-03-15 17:43:51
TATAPOWER,2025-12-02 13:19:00,388.25,388.25,388.05,388.25,2456,DHAN_HISTORY,2026-03-15 17:43:51
TATAPOWER,2025-12-02 13:20:00,388.25,388.25,388.05,388.1,1309,DHAN_HISTORY,2026-03-15 17:43:51
TATAPOWER,2025-12-02 13:21:00,388.1,388.1,388.0,388.1,453,DHAN_HISTORY,2026-03-15 17:43:51
TATAPOWER,2025-12-02 13:22:00,388.1,388.1,388.0,388.1,614,DHAN_HISTORY,2026-03-15 17:43:51
TATAPOWER,2025-12-02 13:23:00,388.0,388.1,388.0,388.1,1112,DHAN_HISTORY,2026-03-15 17:43:51
TATAPOWER,2025-12-02 13:24:00,388.1,388.15,388.0,388.1,3383,DHAN_HISTORY,2026-03-15 17:43:51
TATAPOWER,2025-12-02 13:25:00,388.1,388.1,388.0,388.1,1995,DHAN_HISTORY,2026-03-15 17:43:51
TATAPOWER,2025-12-02 13:26:00,388.1,388.1,388.0,388.1,519,DHAN_HISTORY,2026-03-15 17:43:51
TATAPOWER,2025-12-02 13:27:00,388.1,388.1,388.0,388.1,1053,DHAN_HISTORY,2026-03-15 17:43:51
TATAPOWER,2025-12-02 13:28:00,388.1,388.1,387.8,388.0,9743,DHAN_HISTORY,2026-03-15 17:43:51
TATAPOWER,2025-12-02 13:29:00,387.9,388.05,387.85,387.9,4666,DHAN_HISTORY,2026-03-15 17:43:51
TATAPOWER,2025-12-02 13:30:00,388.05,388.05,387.9,388.05,31048,DHAN_HISTORY,2026-03-15 17:43:51
TATAPOWER,2025-12-02 13:31:00,387.9,388.05,387.8,388.0,20023,DHAN_HISTORY,2026-03-15 17:43:51
TATAPOWER,2025-12-02 13:32:00,387.9,388.05,387.75,388.0,70355,DHAN_HISTORY,2026-03-15 17:43:51
TATAPOWER,2025-12-02 13:33:00,388.05,388.05,387.95,388.05,248,DHAN_HISTORY,2026-03-15 17:43:51
TATAPOWER,2025-12-02 13:34:00,387.95,388.05,387.9,388.05,677,DHAN_HISTORY,2026-03-15 17:43:51
TATAPOWER,2025-12-02 13:35:00,387.9,388.05,387.9,388.0,983,DHAN_HISTORY,2026-03-15 17:43:51
TATAPOWER,2025-12-02 13:36:00,388.05,388.05,387.85,388.05,7490,DHAN_HISTORY,2026-03-15 17:43:51
TATAPOWER,2025-12-02 13:37:00,388.05,388.05,387.9,388.0,16586,DHAN_HISTORY,2026-03-15 17:43:51
TATAPOWER,2025-12-02 13:38:00,388.0,388.05,387.9,388.05,21776,DHAN_HISTORY,2026-03-15 17:43:51
TATAPOWER,2025-12-02 13:39:00,388.05,388.05,387.95,387.95,612,DHAN_HISTORY,2026-03-15 17:43:51
TATAPOWER,2025-12-02 13:40:00,388.0,388.05,387.9,387.95,10167,DHAN_HISTORY,2026-03-15 17:43:51
TATAPOWER,2025-12-02 13:41:00,387.95,388.05,387.9,388.05,318,DHAN_HISTORY,2026-03-15 17:43:51
TATAPOWER,2025-12-02 13:42:00,388.05,388.05,387.8,387.95,18658,DHAN_HISTORY,2026-03-15 17:43:51
TATAPOWER,2025-12-02 13:43:00,388.0,388.05,387.35,387.35,27436,DHAN_HISTORY,2026-03-15 17:43:51
TATAPOWER,2025-12-02 13:44:00,387.5,387.7,387.35,387.55,3075,DHAN_HISTORY,2026-03-15 17:43:51
TATAPOWER,2025-12-02 13:45:00,387.55,388.0,387.5,388.0,14100,DHAN_HISTORY,2026-03-15 17:43:51
TATAPOWER,2025-12-02 13:46:00,388.0,388.3,387.9,388.3,9328,DHAN_HISTORY,2026-03-15 17:43:51
TATAPOWER,2025-12-02 13:47:00,388.3,388.5,388.3,388.35,649,DHAN_HISTORY,2026-03-15 17:43:51
TATAPOWER,2025-12-02 13:48:00,388.4,388.5,388.35,388.45,4942,DHAN_HISTORY,2026-03-15 17:43:51
TATAPOWER,2025-12-02 13:49:00,388.45,388.45,388.35,388.45,551,DHAN_HISTORY,2026-03-15 17:43:51
TATAPOWER,2025-12-02 13:50:00,388.45,388.45,388.35,388.4,978,DHAN_HISTORY,2026-03-15 17:43:51
TATAPOWER,2025-12-02 13:51:00,388.35,388.6,388.35,388.6,11576,DHAN_HISTORY,2026-03-15 17:43:51
TATAPOWER,2025-12-02 13:52:00,388.45,388.55,388.45,388.55,1609,DHAN_HISTORY,2026-03-15 17:43:51
TATAPOWER,2025-12-02 13:53:00,388.45,388.55,388.45,388.45,435,DHAN_HISTORY,2026-03-15 17:43:51
TATAPOWER,2025-12-02 13:54:00,388.45,388.55,388.45,388.5,520,DHAN_HISTORY,2026-03-15 17:43:51
TATAPOWER,2025-12-02 13:55:00,388.5,388.5,388.35,388.5,4985,DHAN_HISTORY,2026-03-15 17:43:51
TATAPOWER,2025-12-02 13:56:00,388.5,388.75,388.45,388.6,7758,DHAN_HISTORY,2026-03-15 17:43:51
TATAPOWER,2025-12-02 13:57:00,388.6,388.65,388.55,388.6,1066,DHAN_HISTORY,2026-03-15 17:43:51
TATAPOWER,2025-12-02 13:58:00,388.6,388.6,388.55,388.6,1388,DHAN_HISTORY,2026-03-15 17:43:51
TATAPOWER,2025-12-02 13:59:00,388.6,388.65,388.55,388.6,2907,DHAN_HISTORY,2026-03-15 17:43:51
TATAPOWER,2025-12-02 14:00:00,388.6,388.6,388.55,388.6,1044,DHAN_HISTORY,2026-03-15 17:43:51
TATAPOWER,2025-12-02 14:01:00,388.55,388.6,388.25,388.4,1217,DHAN_HISTORY,2026-03-15 17:43:51
TATAPOWER,2025-12-02 14:02:00,388.4,388.55,388.4,388.4,159,DHAN_HISTORY,2026-03-15 17:43:51
TATAPOWER,2025-12-02 14:03:00,388.4,388.55,388.4,388.55,1833,DHAN_HISTORY,2026-03-15 17:43:51
TATAPOWER,2025-12-02 14:04:00,388.4,388.5,388.4,388.5,587,DHAN_HISTORY,2026-03-15 17:43:51
TATAPOWER,2025-12-02 14:05:00,388.5,388.55,388.45,388.5,1190,DHAN_HISTORY,2026-03-15 17:43:51
TATAPOWER,2025-12-02 14:06:00,388.45,388.55,388.4,388.5,2377,DHAN_HISTORY,2026-03-15 17:43:51
TATAPOWER,2025-12-02 14:07:00,388.4,388.55,388.4,388.5,533,DHAN_HISTORY,2026-03-15 17:43:51
TATAPOWER,2025-12-02 14:08:00,388.55,388.55,388.4,388.4,2588,DHAN_HISTORY,2026-03-15 17:43:51
TATAPOWER,2025-12-02 14:09:00,388.4,388.55,388.4,388.4,966,DHAN_HISTORY,2026-03-15 17:43:51
TATAPOWER,2025-12-02 14:10:00,388.4,388.55,388.4,388.5,1902,DHAN_HISTORY,2026-03-15 17:43:51
TATAPOWER,2025-12-02 14:11:00,388.5,388.5,388.3,388.35,955,DHAN_HISTORY,2026-03-15 17:43:51
TATAPOWER,2025-12-02 14:12:00,388.5,388.5,388.3,388.5,200,DHAN_HISTORY,2026-03-15 17:43:51
TATAPOWER,2025-12-02 14:13:00,388.3,388.5,388.3,388.5,1354,DHAN_HISTORY,2026-03-15 17:43:51
TATAPOWER,2025-12-02 14:14:00,388.45,388.5,388.35,388.35,1387,DHAN_HISTORY,2026-03-15 17:43:51
TATAPOWER,2025-12-02 14:15:00,388.45,388.45,388.3,388.45,272,DHAN_HISTORY,2026-03-15 17:43:51
TATAPOWER,2025-12-02 14:16:00,388.5,388.5,388.3,388.3,377,DHAN_HISTORY,2026-03-15 17:43:51
TATAPOWER,2025-12-02 14:17:00,388.45,388.45,388.3,388.4,1141,DHAN_HISTORY,2026-03-15 17:43:51
TATAPOWER,2025-12-02 14:18:00,388.4,388.5,388.25,388.5,3151,DHAN_HISTORY,2026-03-15 17:43:51
TATAPOWER,2025-12-02 14:19:00,388.35,388.5,388.3,388.35,657,DHAN_HISTORY,2026-03-15 17:43:51
TATAPOWER,2025-12-02 14:20:00,388.35,388.5,388.35,388.5,583,DHAN_HISTORY,2026-03-15 17:43:51
TATAPOWER,2025-12-02 14:21:00,388.5,388.5,388.3,388.3,4194,DHAN_HISTORY,2026-03-15 17:43:51
TATAPOWER,2025-12-02 14:22:00,388.3,388.45,388.3,388.45,244,DHAN_HISTORY,2026-03-15 17:43:51
TATAPOWER,2025-12-02 14:23:00,388.45,388.5,388.35,388.35,465,DHAN_HISTORY,2026-03-15 17:43:51
TATAPOWER,2025-12-02 14:24:00,388.35,388.45,388.3,388.3,1203,DHAN_HISTORY,2026-03-15 17:43:51
TATAPOWER,2025-12-02 14:25:00,388.3,388.45,388.3,388.3,1717,DHAN_HISTORY,2026-03-15 17:43:51
TATAPOWER,2025-12-02 14:26:00,388.3,388.4,388.3,388.4,496,DHAN_HISTORY,2026-03-15 17:43:51
TATAPOWER,2025-12-02 14:27:00,388.3,388.4,388.3,388.4,311,DHAN_HISTORY,2026-03-15 17:43:51
TATAPOWER,2025-12-02 14:28:00,388.4,388.55,388.3,388.55,5597,DHAN_HISTORY,2026-03-15 17:43:51
TATAPOWER,2025-12-02 14:29:00,388.5,388.55,388.5,388.5,2127,DHAN_HISTORY,2026-03-15 17:43:51
TATAPOWER,2025-12-02 14:30:00,388.55,388.6,388.5,388.6,10006,DHAN_HISTORY,2026-03-15 17:43:51
TATAPOWER,2025-12-02 14:31:00,388.5,388.55,388.5,388.5,6404,DHAN_HISTORY,2026-03-15 17:43:51
TATAPOWER,2025-12-02 14:32:00,388.5,388.55,388.5,388.55,12073,DHAN_HISTORY,2026-03-15 17:43:51
TATAPOWER,2025-12-02 14:33:00,388.5,388.55,388.5,388.55,948,DHAN_HISTORY,2026-03-15 17:43:51
TATAPOWER,2025-12-02 14:34:00,388.5,388.55,388.5,388.5,2632,DHAN_HISTORY,2026-03-15 17:43:51
TATAPOWER,2025-12-02 14:35:00,388.55,388.6,388.5,388.5,2493,DHAN_HISTORY,2026-03-15 17:43:51
TATAPOWER,2025-12-02 14:36:00,388.55,388.55,388.5,388.5,22210,DHAN_HISTORY,2026-03-15 17:43:51
TATAPOWER,2025-12-02 14:37:00,388.55,388.55,388.4,388.4,20872,DHAN_HISTORY,2026-03-15 17:43:51
TATAPOWER,2025-12-02 14:38:00,388.4,388.55,388.4,388.45,11692,DHAN_HISTORY,2026-03-15 17:43:51
TATAPOWER,2025-12-02 14:39:00,388.4,388.55,388.2,388.45,16988,DHAN_HISTORY,2026-03-15 17:43:51
TATAPOWER,2025-12-02 14:40:00,388.45,388.45,388.25,388.3,1531,DHAN_HISTORY,2026-03-15 17:43:51
TATAPOWER,2025-12-02 14:41:00,388.4,388.4,388.25,388.4,544,DHAN_HISTORY,2026-03-15 17:43:51
TATAPOWER,2025-12-02 14:42:00,388.4,388.4,388.15,388.2,1153,DHAN_HISTORY,2026-03-15 17:43:51
TATAPOWER,2025-12-02 14:43:00,388.3,388.35,388.1,388.1,15875,DHAN_HISTORY,2026-03-15 17:43:51
TATAPOWER,2025-12-02 14:44:00,388.2,388.2,388.0,388.15,13361,DHAN_HISTORY,2026-03-15 17:43:51
TATAPOWER,2025-12-02 14:45:00,388.05,388.1,388.0,388.1,3351,DHAN_HISTORY,2026-03-15 17:43:51
TATAPOWER,2025-12-02 14:46:00,388.0,388.2,388.0,388.1,3967,DHAN_HISTORY,2026-03-15 17:43:51
TATAPOWER,2025-12-02 14:47:00,388.0,388.1,387.95,387.95,1311,DHAN_HISTORY,2026-03-15 17:43:51
TATAPOWER,2025-12-02 14:48:00,388.0,388.25,387.85,388.0,8577,DHAN_HISTORY,2026-03-15 17:43:51
TATAPOWER,2025-12-02 14:49:00,388.2,388.35,388.0,388.35,4551,DHAN_HISTORY,2026-03-15 17:43:51
TATAPOWER,2025-12-02 14:50:00,388.05,388.35,388.0,388.15,14468,DHAN_HISTORY,2026-03-15 17:43:51
TATAPOWER,2025-12-02 14:51:00,388.15,388.2,388.0,388.0,1637,DHAN_HISTORY,2026-03-15 17:43:51
TATAPOWER,2025-12-02 14:52:00,388.0,388.15,387.9,387.9,5275,DHAN_HISTORY,2026-03-15 17:43:51
TATAPOWER,2025-12-02 14:53:00,387.9,387.95,387.7,387.8,2939,DHAN_HISTORY,2026-03-15 17:43:51
TATAPOWER,2025-12-02 14:54:00,387.8,387.9,387.45,387.6,49866,DHAN_HISTORY,2026-03-15 17:43:51
TATAPOWER,2025-12-02 14:55:00,387.6,387.65,387.4,387.5,6463,DHAN_HISTORY,2026-03-15 17:43:51
TATAPOWER,2025-12-02 14:56:00,387.5,387.65,387.4,387.5,4154,DHAN_HISTORY,2026-03-15 17:43:51
TATAPOWER,2025-12-02 14:57:00,387.45,387.5,387.1,387.15,12522,DHAN_HISTORY,2026-03-15 17:43:51
TATAPOWER,2025-12-02 14:58:00,387.15,387.3,387.0,387.3,25777,DHAN_HISTORY,2026-03-15 17:43:51
TATAPOWER,2025-12-02 14:59:00,387.4,387.7,387.2,387.6,15567,DHAN_HISTORY,2026-03-15 17:43:51
TATAPOWER,2025-12-02 15:00:00,387.6,388.0,387.6,387.9,39166,DHAN_HISTORY,2026-03-15 17:43:51
TATAPOWER,2025-12-02 15:01:00,387.9,388.05,387.85,388.0,5759,DHAN_HISTORY,2026-03-15 17:43:51
TATAPOWER,2025-12-02 15:02:00,388.05,388.2,388.0,388.15,9097,DHAN_HISTORY,2026-03-15 17:43:51
TATAPOWER,2025-12-02 15:03:00,388.25,388.3,388.1,388.15,4853,DHAN_HISTORY,2026-03-15 17:43:51
TATAPOWER,2025-12-02 15:04:00,388.15,388.25,388.1,388.2,9475,DHAN_HISTORY,2026-03-15 17:43:51
TATAPOWER,2025-12-02 15:05:00,388.2,388.25,388.05,388.1,10190,DHAN_HISTORY,2026-03-15 17:43:51
TATAPOWER,2025-12-02 15:06:00,388.1,388.1,388.0,388.0,9117,DHAN_HISTORY,2026-03-15 17:43:51
TATAPOWER,2025-12-02 15:07:00,388.05,388.2,388.0,388.1,18602,DHAN_HISTORY,2026-03-15 17:43:51
TATAPOWER,2025-12-02 15:08:00,388.05,388.25,388.05,388.15,2755,DHAN_HISTORY,2026-03-15 17:43:51
TATAPOWER,2025-12-02 15:09:00,388.2,388.4,388.15,388.25,21293,DHAN_HISTORY,2026-03-15 17:43:51
TATAPOWER,2025-12-02 15:10:00,388.15,388.45,388.15,388.45,10721,DHAN_HISTORY,2026-03-15 17:43:51
TATAPOWER,2025-12-02 15:11:00,388.45,388.6,388.25,388.3,36447,DHAN_HISTORY,2026-03-15 17:43:51
TATAPOWER,2025-12-02 15:12:00,388.45,388.55,388.3,388.45,14513,DHAN_HISTORY,2026-03-15 17:43:51
TATAPOWER,2025-12-02 15:13:00,388.5,388.5,388.45,388.45,5200,DHAN_HISTORY,2026-03-15 17:43:51
TATAPOWER,2025-12-02 15:14:00,388.45,388.6,388.35,388.5,14391,DHAN_HISTORY,2026-03-15 17:43:51
TATAPOWER,2025-12-02 15:15:00,388.5,388.65,388.45,388.5,7895,DHAN_HISTORY,2026-03-15 17:43:51
TATAPOWER,2025-12-02 15:16:00,388.45,388.75,388.45,388.5,40073,DHAN_HISTORY,2026-03-15 17:43:51
TATAPOWER,2025-12-02 15:17:00,388.5,388.6,388.45,388.5,22566,DHAN_HISTORY,2026-03-15 17:43:51
TATAPOWER,2025-12-02 15:18:00,388.5,388.55,388.2,388.35,95047,DHAN_HISTORY,2026-03-15 17:43:51
TATAPOWER,2025-12-02 15:19:00,388.5,388.5,388.3,388.5,20140,DHAN_HISTORY,2026-03-15 17:43:51
TATAPOWER,2025-12-02 15:20:00,388.5,388.5,388.3,388.3,32533,DHAN_HISTORY,2026-03-15 17:43:51
TATAPOWER,2025-12-02 15:21:00,388.4,388.5,388.25,388.5,42315,DHAN_HISTORY,2026-03-15 17:43:51
TATAPOWER,2025-12-02 15:22:00,388.45,388.5,388.45,388.5,5963,DHAN_HISTORY,2026-03-15 17:43:51
TATAPOWER,2025-12-02 15:23:00,388.5,388.55,388.45,388.55,11641,DHAN_HISTORY,2026-03-15 17:43:51
TATAPOWER,2025-12-02 15:24:00,388.55,388.6,388.5,388.6,12702,DHAN_HISTORY,2026-03-15 17:43:51
TATAPOWER,2025-12-02 15:25:00,388.55,388.9,388.35,388.7,64892,DHAN_HISTORY,2026-03-15 17:43:51
TATAPOWER,2025-12-02 15:26:00,388.7,388.85,388.45,388.5,13237,DHAN_HISTORY,2026-03-15 17:43:51
TATAPOWER,2025-12-02 15:27:00,388.5,389.0,388.45,388.8,27503,DHAN_HISTORY,2026-03-15 17:43:51
TATAPOWER,2025-12-02 15:28:00,388.85,389.05,388.5,389.0,57807,DHAN_HISTORY,2026-03-15 17:43:51
TATAPOWER,2025-12-02 15:29:00,389.05,389.15,388.65,389.0,24403,DHAN_HISTORY,2026-03-15 17:43:51
