symbol,timestamp,open,high,low,close,volume,source,last_updated
NATIONALUM,2025-09-17 09:15:00,216.51,217.78,216.51,217.7,108044,DHAN_HISTORY,2026-03-15 17:36:15
NATIONALUM,2025-09-17 09:16:00,217.6,217.92,217.2,217.34,63684,DHAN_HISTORY,2026-03-15 17:36:15
NATIONALUM,2025-09-17 09:17:00,217.4,217.49,216.8,216.83,56729,DHAN_HISTORY,2026-03-15 17:36:15
NATIONALUM,2025-09-17 09:18:00,216.73,216.88,216.53,216.74,55559,DHAN_HISTORY,2026-03-15 17:36:15
NATIONALUM,2025-09-17 09:19:00,216.74,217.3,216.73,217.13,19052,DHAN_HISTORY,2026-03-15 17:36:15
NATIONALUM,2025-09-17 09:20:00,217.09,217.6,217.09,217.53,24415,DHAN_HISTORY,2026-03-15 17:36:15
NATIONALUM,2025-09-17 09:21:00,217.63,217.63,217.3,217.44,36905,DHAN_HISTORY,2026-03-15 17:36:15
NATIONALUM,2025-09-17 09:22:00,217.4,217.63,217.21,217.21,41329,DHAN_HISTORY,2026-03-15 17:36:15
NATIONALUM,2025-09-17 09:23:00,217.33,217.37,216.9,216.97,26766,DHAN_HISTORY,2026-03-15 17:36:15
NATIONALUM,2025-09-17 09:24:00,216.97,217.0,216.77,216.78,14612,DHAN_HISTORY,2026-03-15 17:36:15
NATIONALUM,2025-09-17 09:25:00,216.84,216.85,216.6,216.64,25057,DHAN_HISTORY,2026-03-15 17:36:15
NATIONALUM,2025-09-17 09:26:00,216.66,216.89,216.5,216.79,34613,DHAN_HISTORY,2026-03-15 17:36:15
NATIONALUM,2025-09-17 09:27:00,216.74,216.82,216.43,216.48,30156,DHAN_HISTORY,2026-03-15 17:36:15
NATIONALUM,2025-09-17 09:28:00,216.48,216.74,216.42,216.7,25071,DHAN_HISTORY,2026-03-15 17:36:15
NATIONALUM,2025-09-17 09:29:00,216.8,217.0,216.78,216.85,12981,DHAN_HISTORY,2026-03-15 17:36:15
NATIONALUM,2025-09-17 09:30:00,216.85,216.99,216.5,216.5,12673,DHAN_HISTORY,2026-03-15 17:36:15
NATIONALUM,2025-09-17 09:31:00,216.55,216.69,216.45,216.65,9305,DHAN_HISTORY,2026-03-15 17:36:15
NATIONALUM,2025-09-17 09:32:00,216.65,216.65,216.48,216.48,15714,DHAN_HISTORY,2026-03-15 17:36:15
NATIONALUM,2025-09-17 09:33:00,216.5,216.75,216.45,216.54,29452,DHAN_HISTORY,2026-03-15 17:36:15
NATIONALUM,2025-09-17 09:34:00,216.54,216.55,216.51,216.54,5628,DHAN_HISTORY,2026-03-15 17:36:15
NATIONALUM,2025-09-17 09:35:00,216.54,216.7,216.37,216.44,17170,DHAN_HISTORY,2026-03-15 17:36:15
NATIONALUM,2025-09-17 09:36:00,216.37,216.48,216.3,216.48,14530,DHAN_HISTORY,2026-03-15 17:36:15
NATIONALUM,2025-09-17 09:37:00,216.39,216.4,216.3,216.31,8548,DHAN_HISTORY,2026-03-15 17:36:15
NATIONALUM,2025-09-17 09:38:00,216.31,216.31,216.14,216.22,22967,DHAN_HISTORY,2026-03-15 17:36:15
NATIONALUM,2025-09-17 09:39:00,216.22,216.29,215.76,216.0,47791,DHAN_HISTORY,2026-03-15 17:36:15
NATIONALUM,2025-09-17 09:40:00,216.07,216.09,215.9,216.01,25733,DHAN_HISTORY,2026-03-15 17:36:15
NATIONALUM,2025-09-17 09:41:00,216.04,216.09,216.01,216.07,12011,DHAN_HISTORY,2026-03-15 17:36:15
NATIONALUM,2025-09-17 09:42:00,216.07,216.09,215.84,215.85,21554,DHAN_HISTORY,2026-03-15 17:36:15
NATIONALUM,2025-09-17 09:43:00,215.86,215.86,215.65,215.78,31595,DHAN_HISTORY,2026-03-15 17:36:15
NATIONALUM,2025-09-17 09:44:00,215.8,215.95,215.78,215.81,37814,DHAN_HISTORY,2026-03-15 17:36:15
NATIONALUM,2025-09-17 09:45:00,215.8,215.89,215.52,215.57,17205,DHAN_HISTORY,2026-03-15 17:36:15
NATIONALUM,2025-09-17 09:46:00,215.56,215.61,215.4,215.49,28179,DHAN_HISTORY,2026-03-15 17:36:15
NATIONALUM,2025-09-17 09:47:00,215.41,215.47,215.25,215.45,34293,DHAN_HISTORY,2026-03-15 17:36:15
NATIONALUM,2025-09-17 09:48:00,215.45,215.47,215.26,215.4,8626,DHAN_HISTORY,2026-03-15 17:36:15
NATIONALUM,2025-09-17 09:49:00,215.38,215.38,215.2,215.23,55120,DHAN_HISTORY,2026-03-15 17:36:15
NATIONALUM,2025-09-17 09:50:00,215.23,215.39,215.0,215.33,73499,DHAN_HISTORY,2026-03-15 17:36:15
NATIONALUM,2025-09-17 09:51:00,215.31,215.31,215.12,215.13,8041,DHAN_HISTORY,2026-03-15 17:36:15
NATIONALUM,2025-09-17 09:52:00,215.11,215.57,215.11,215.57,22250,DHAN_HISTORY,2026-03-15 17:36:15
NATIONALUM,2025-09-17 09:53:00,215.49,215.54,215.36,215.36,16294,DHAN_HISTORY,2026-03-15 17:36:15
NATIONALUM,2025-09-17 09:54:00,215.4,215.4,215.26,215.26,7105,DHAN_HISTORY,2026-03-15 17:36:15
NATIONALUM,2025-09-17 09:55:00,215.3,215.5,215.3,215.5,12631,DHAN_HISTORY,2026-03-15 17:36:15
NATIONALUM,2025-09-17 09:56:00,215.5,215.5,215.45,215.47,7142,DHAN_HISTORY,2026-03-15 17:36:15
NATIONALUM,2025-09-17 09:57:00,215.48,215.65,215.4,215.6,11255,DHAN_HISTORY,2026-03-15 17:36:15
NATIONALUM,2025-09-17 09:58:00,215.57,215.61,215.5,215.6,5316,DHAN_HISTORY,2026-03-15 17:36:15
NATIONALUM,2025-09-17 09:59:00,215.65,215.77,215.6,215.77,10773,DHAN_HISTORY,2026-03-15 17:36:15
NATIONALUM,2025-09-17 10:00:00,215.77,215.8,215.64,215.76,14405,DHAN_HISTORY,2026-03-15 17:36:15
NATIONALUM,2025-09-17 10:01:00,215.82,215.95,215.75,215.85,18822,DHAN_HISTORY,2026-03-15 17:36:15
NATIONALUM,2025-09-17 10:02:00,215.85,215.85,215.73,215.8,3724,DHAN_HISTORY,2026-03-15 17:36:15
NATIONALUM,2025-09-17 10:03:00,215.73,215.88,215.71,215.75,15011,DHAN_HISTORY,2026-03-15 17:36:15
NATIONALUM,2025-09-17 10:04:00,215.75,215.77,215.48,215.73,9274,DHAN_HISTORY,2026-03-15 17:36:15
NATIONALUM,2025-09-17 10:05:00,215.77,215.81,215.58,215.58,2434,DHAN_HISTORY,2026-03-15 17:36:15
NATIONALUM,2025-09-17 10:06:00,215.68,215.75,215.61,215.7,7398,DHAN_HISTORY,2026-03-15 17:36:15
NATIONALUM,2025-09-17 10:07:00,215.72,215.75,215.64,215.7,3938,DHAN_HISTORY,2026-03-15 17:36:15
NATIONALUM,2025-09-17 10:08:00,215.7,215.87,215.67,215.85,10532,DHAN_HISTORY,2026-03-15 17:36:15
NATIONALUM,2025-09-17 10:09:00,215.89,215.9,215.79,215.82,5406,DHAN_HISTORY,2026-03-15 17:36:15
NATIONALUM,2025-09-17 10:10:00,215.75,215.88,215.73,215.76,4821,DHAN_HISTORY,2026-03-15 17:36:15
NATIONALUM,2025-09-17 10:11:00,215.79,215.89,215.72,215.89,7542,DHAN_HISTORY,2026-03-15 17:36:15
NATIONALUM,2025-09-17 10:12:00,215.89,215.89,215.82,215.82,2426,DHAN_HISTORY,2026-03-15 17:36:15
NATIONALUM,2025-09-17 10:13:00,215.82,215.87,215.8,215.82,8360,DHAN_HISTORY,2026-03-15 17:36:15
NATIONALUM,2025-09-17 10:14:00,215.82,215.82,215.72,215.82,8742,DHAN_HISTORY,2026-03-15 17:36:15
NATIONALUM,2025-09-17 10:15:00,215.8,215.83,215.71,215.79,3040,DHAN_HISTORY,2026-03-15 17:36:15
NATIONALUM,2025-09-17 10:16:00,215.8,215.87,215.64,215.87,9653,DHAN_HISTORY,2026-03-15 17:36:15
NATIONALUM,2025-09-17 10:17:00,215.84,215.84,215.66,215.72,6473,DHAN_HISTORY,2026-03-15 17:36:15
NATIONALUM,2025-09-17 10:18:00,215.72,215.8,215.67,215.78,3407,DHAN_HISTORY,2026-03-15 17:36:15
NATIONALUM,2025-09-17 10:19:00,215.72,215.84,215.71,215.72,6745,DHAN_HISTORY,2026-03-15 17:36:15
NATIONALUM,2025-09-17 10:20:00,215.78,215.84,215.73,215.73,3770,DHAN_HISTORY,2026-03-15 17:36:15
NATIONALUM,2025-09-17 10:21:00,215.78,216.1,215.76,216.1,14800,DHAN_HISTORY,2026-03-15 17:36:15
NATIONALUM,2025-09-17 10:22:00,216.08,216.45,216.08,216.45,20150,DHAN_HISTORY,2026-03-15 17:36:15
NATIONALUM,2025-09-17 10:23:00,216.42,216.53,216.42,216.53,15860,DHAN_HISTORY,2026-03-15 17:36:15
NATIONALUM,2025-09-17 10:24:00,216.54,216.69,216.52,216.65,18769,DHAN_HISTORY,2026-03-15 17:36:15
NATIONALUM,2025-09-17 10:25:00,216.65,216.76,216.59,216.76,24066,DHAN_HISTORY,2026-03-15 17:36:15
NATIONALUM,2025-09-17 10:26:00,216.76,216.77,216.61,216.71,6872,DHAN_HISTORY,2026-03-15 17:36:15
NATIONALUM,2025-09-17 10:27:00,216.66,216.7,216.61,216.62,12327,DHAN_HISTORY,2026-03-15 17:36:15
NATIONALUM,2025-09-17 10:28:00,216.65,216.74,216.6,216.74,7752,DHAN_HISTORY,2026-03-15 17:36:15
NATIONALUM,2025-09-17 10:29:00,216.74,216.75,216.66,216.66,9332,DHAN_HISTORY,2026-03-15 17:36:15
NATIONALUM,2025-09-17 10:30:00,216.66,216.66,216.5,216.58,14331,DHAN_HISTORY,2026-03-15 17:36:15
NATIONALUM,2025-09-17 10:31:00,216.6,216.62,216.28,216.39,20295,DHAN_HISTORY,2026-03-15 17:36:15
NATIONALUM,2025-09-17 10:32:00,216.27,216.4,216.12,216.3,19730,DHAN_HISTORY,2026-03-15 17:36:15
NATIONALUM,2025-09-17 10:33:00,216.35,216.47,216.28,216.35,8090,DHAN_HISTORY,2026-03-15 17:36:15
NATIONALUM,2025-09-17 10:34:00,216.31,216.31,215.7,215.7,45948,DHAN_HISTORY,2026-03-15 17:36:15
NATIONALUM,2025-09-17 10:35:00,215.79,215.92,215.71,215.85,22889,DHAN_HISTORY,2026-03-15 17:36:15
NATIONALUM,2025-09-17 10:36:00,215.84,215.9,215.76,215.84,9116,DHAN_HISTORY,2026-03-15 17:36:15
NATIONALUM,2025-09-17 10:37:00,215.85,215.94,215.84,215.89,8528,DHAN_HISTORY,2026-03-15 17:36:15
NATIONALUM,2025-09-17 10:38:00,215.88,215.89,215.8,215.83,6100,DHAN_HISTORY,2026-03-15 17:36:15
NATIONALUM,2025-09-17 10:39:00,215.83,215.86,215.6,215.62,19797,DHAN_HISTORY,2026-03-15 17:36:15
NATIONALUM,2025-09-17 10:40:00,215.61,215.75,215.55,215.6,13489,DHAN_HISTORY,2026-03-15 17:36:15
NATIONALUM,2025-09-17 10:41:00,215.65,215.67,214.81,215.0,132353,DHAN_HISTORY,2026-03-15 17:36:15
NATIONALUM,2025-09-17 10:42:00,215.0,215.01,214.71,214.75,45606,DHAN_HISTORY,2026-03-15 17:36:15
NATIONALUM,2025-09-17 10:43:00,214.75,214.78,214.51,214.7,65184,DHAN_HISTORY,2026-03-15 17:36:15
NATIONALUM,2025-09-17 10:44:00,214.7,214.87,214.7,214.87,22456,DHAN_HISTORY,2026-03-15 17:36:15
NATIONALUM,2025-09-17 10:45:00,214.86,214.88,214.45,214.54,62459,DHAN_HISTORY,2026-03-15 17:36:15
NATIONALUM,2025-09-17 10:46:00,214.57,214.85,214.48,214.81,32896,DHAN_HISTORY,2026-03-15 17:36:15
NATIONALUM,2025-09-17 10:47:00,214.85,215.0,214.83,214.99,21691,DHAN_HISTORY,2026-03-15 17:36:15
NATIONALUM,2025-09-17 10:48:00,214.99,215.03,214.61,214.65,19789,DHAN_HISTORY,2026-03-15 17:36:15
NATIONALUM,2025-09-17 10:49:00,214.66,214.7,214.55,214.65,39248,DHAN_HISTORY,2026-03-15 17:36:15
NATIONALUM,2025-09-17 10:50:00,214.65,214.8,214.63,214.8,11320,DHAN_HISTORY,2026-03-15 17:36:15
NATIONALUM,2025-09-17 10:51:00,214.76,214.76,214.5,214.5,46305,DHAN_HISTORY,2026-03-15 17:36:15
NATIONALUM,2025-09-17 10:52:00,214.6,214.63,214.5,214.57,21541,DHAN_HISTORY,2026-03-15 17:36:15
NATIONALUM,2025-09-17 10:53:00,214.63,214.99,214.63,214.94,7771,DHAN_HISTORY,2026-03-15 17:36:15
NATIONALUM,2025-09-17 10:54:00,214.95,214.95,214.69,214.7,12311,DHAN_HISTORY,2026-03-15 17:36:15
NATIONALUM,2025-09-17 10:55:00,214.75,214.95,214.75,214.89,6178,DHAN_HISTORY,2026-03-15 17:36:15
NATIONALUM,2025-09-17 10:56:00,214.89,214.98,214.89,214.93,11990,DHAN_HISTORY,2026-03-15 17:36:15
NATIONALUM,2025-09-17 10:57:00,214.93,215.06,214.92,214.97,14113,DHAN_HISTORY,2026-03-15 17:36:15
NATIONALUM,2025-09-17 10:58:00,215.0,215.1,214.93,214.99,14201,DHAN_HISTORY,2026-03-15 17:36:15
NATIONALUM,2025-09-17 10:59:00,215.02,215.42,215.02,215.42,24399,DHAN_HISTORY,2026-03-15 17:36:15
NATIONALUM,2025-09-17 11:00:00,215.42,215.58,215.34,215.34,14351,DHAN_HISTORY,2026-03-15 17:36:15
NATIONALUM,2025-09-17 11:01:00,215.4,215.42,215.15,215.35,22206,DHAN_HISTORY,2026-03-15 17:36:15
NATIONALUM,2025-09-17 11:02:00,215.35,215.5,215.35,215.45,10133,DHAN_HISTORY,2026-03-15 17:36:15
NATIONALUM,2025-09-17 11:03:00,215.45,215.45,215.25,215.36,13738,DHAN_HISTORY,2026-03-15 17:36:15
NATIONALUM,2025-09-17 11:04:00,215.42,215.56,215.4,215.4,8746,DHAN_HISTORY,2026-03-15 17:36:15
NATIONALUM,2025-09-17 11:05:00,215.4,215.43,215.3,215.3,7264,DHAN_HISTORY,2026-03-15 17:36:15
NATIONALUM,2025-09-17 11:06:00,215.3,215.46,215.3,215.39,6931,DHAN_HISTORY,2026-03-15 17:36:15
NATIONALUM,2025-09-17 11:07:00,215.39,215.4,215.16,215.17,9783,DHAN_HISTORY,2026-03-15 17:36:15
NATIONALUM,2025-09-17 11:08:00,215.19,215.29,215.13,215.17,34618,DHAN_HISTORY,2026-03-15 17:36:15
NATIONALUM,2025-09-17 11:09:00,215.14,215.17,215.1,215.15,8028,DHAN_HISTORY,2026-03-15 17:36:15
NATIONALUM,2025-09-17 11:10:00,215.15,215.16,214.95,215.07,20496,DHAN_HISTORY,2026-03-15 17:36:15
NATIONALUM,2025-09-17 11:11:00,215.07,215.12,214.98,214.98,8475,DHAN_HISTORY,2026-03-15 17:36:15
NATIONALUM,2025-09-17 11:12:00,215.0,215.08,214.91,215.08,29464,DHAN_HISTORY,2026-03-15 17:36:15
NATIONALUM,2025-09-17 11:13:00,215.1,215.13,215.04,215.1,12566,DHAN_HISTORY,2026-03-15 17:36:15
NATIONALUM,2025-09-17 11:14:00,215.1,215.1,214.93,215.0,12944,DHAN_HISTORY,2026-03-15 17:36:15
NATIONALUM,2025-09-17 11:15:00,215.02,215.19,215.02,215.15,19923,DHAN_HISTORY,2026-03-15 17:36:15
NATIONALUM,2025-09-17 11:16:00,215.15,215.2,215.13,215.18,5770,DHAN_HISTORY,2026-03-15 17:36:15
NATIONALUM,2025-09-17 11:17:00,215.22,215.54,215.22,215.51,8731,DHAN_HISTORY,2026-03-15 17:36:15
NATIONALUM,2025-09-17 11:18:00,215.56,215.6,215.32,215.47,23436,DHAN_HISTORY,2026-03-15 17:36:15
NATIONALUM,2025-09-17 11:19:00,215.47,215.47,215.18,215.28,22512,DHAN_HISTORY,2026-03-15 17:36:15
NATIONALUM,2025-09-17 11:20:00,215.31,215.54,215.31,215.47,8903,DHAN_HISTORY,2026-03-15 17:36:15
NATIONALUM,2025-09-17 11:21:00,215.46,215.58,215.46,215.5,7901,DHAN_HISTORY,2026-03-15 17:36:15
NATIONALUM,2025-09-17 11:22:00,215.49,215.49,215.34,215.34,8251,DHAN_HISTORY,2026-03-15 17:36:15
NATIONALUM,2025-09-17 11:23:00,215.38,215.59,215.38,215.53,7534,DHAN_HISTORY,2026-03-15 17:36:15
NATIONALUM,2025-09-17 11:24:00,215.58,215.75,215.57,215.75,16065,DHAN_HISTORY,2026-03-15 17:36:15
NATIONALUM,2025-09-17 11:25:00,215.78,215.83,215.76,215.78,7342,DHAN_HISTORY,2026-03-15 17:36:15
NATIONALUM,2025-09-17 11:26:00,215.78,215.98,215.76,215.84,15297,DHAN_HISTORY,2026-03-15 17:36:15
NATIONALUM,2025-09-17 11:27:00,215.83,215.9,215.77,215.88,10411,DHAN_HISTORY,2026-03-15 17:36:15
NATIONALUM,2025-09-17 11:28:00,215.9,215.97,215.78,215.78,7333,DHAN_HISTORY,2026-03-15 17:36:15
NATIONALUM,2025-09-17 11:29:00,215.82,215.86,215.6,215.6,8912,DHAN_HISTORY,2026-03-15 17:36:15
NATIONALUM,2025-09-17 11:30:00,215.6,215.65,215.56,215.63,6381,DHAN_HISTORY,2026-03-15 17:36:15
NATIONALUM,2025-09-17 11:31:00,215.63,215.76,215.58,215.72,6010,DHAN_HISTORY,2026-03-15 17:36:15
NATIONALUM,2025-09-17 11:32:00,215.77,215.99,215.7,215.99,16167,DHAN_HISTORY,2026-03-15 17:36:15
NATIONALUM,2025-09-17 11:33:00,215.96,216.0,215.81,215.81,13650,DHAN_HISTORY,2026-03-15 17:36:15
NATIONALUM,2025-09-17 11:34:00,215.9,216.15,215.9,216.14,15467,DHAN_HISTORY,2026-03-15 17:36:15
NATIONALUM,2025-09-17 11:35:00,216.2,216.24,216.03,216.03,17492,DHAN_HISTORY,2026-03-15 17:36:15
NATIONALUM,2025-09-17 11:36:00,216.08,216.08,216.0,216.0,6814,DHAN_HISTORY,2026-03-15 17:36:15
NATIONALUM,2025-09-17 11:37:00,216.03,216.07,215.98,216.01,6780,DHAN_HISTORY,2026-03-15 17:36:15
NATIONALUM,2025-09-17 11:38:00,216.06,216.2,216.06,216.2,9619,DHAN_HISTORY,2026-03-15 17:36:15
NATIONALUM,2025-09-17 11:39:00,216.2,216.31,216.18,216.18,9604,DHAN_HISTORY,2026-03-15 17:36:15
NATIONALUM,2025-09-17 11:40:00,216.25,216.25,216.03,216.03,11007,DHAN_HISTORY,2026-03-15 17:36:15
NATIONALUM,2025-09-17 11:41:00,216.04,216.11,216.03,216.1,6069,DHAN_HISTORY,2026-03-15 17:36:15
NATIONALUM,2025-09-17 11:42:00,216.11,216.31,216.08,216.2,11615,DHAN_HISTORY,2026-03-15 17:36:15
NATIONALUM,2025-09-17 11:43:00,216.12,216.25,216.1,216.1,9742,DHAN_HISTORY,2026-03-15 17:36:15
NATIONALUM,2025-09-17 11:44:00,216.14,216.23,216.1,216.11,7264,DHAN_HISTORY,2026-03-15 17:36:15
NATIONALUM,2025-09-17 11:45:00,216.13,216.38,216.13,216.38,14001,DHAN_HISTORY,2026-03-15 17:36:15
NATIONALUM,2025-09-17 11:46:00,216.38,216.38,216.22,216.22,6504,DHAN_HISTORY,2026-03-15 17:36:15
NATIONALUM,2025-09-17 11:47:00,216.22,216.29,216.18,216.28,8086,DHAN_HISTORY,2026-03-15 17:36:15
NATIONALUM,2025-09-17 11:48:00,216.27,216.31,215.9,215.9,11090,DHAN_HISTORY,2026-03-15 17:36:15
NATIONALUM,2025-09-17 11:49:00,215.88,216.27,215.82,216.27,14163,DHAN_HISTORY,2026-03-15 17:36:15
NATIONALUM,2025-09-17 11:50:00,216.23,216.26,216.16,216.18,9407,DHAN_HISTORY,2026-03-15 17:36:15
NATIONALUM,2025-09-17 11:51:00,216.18,216.2,216.07,216.12,6681,DHAN_HISTORY,2026-03-15 17:36:15
NATIONALUM,2025-09-17 11:52:00,216.12,216.33,216.12,216.33,12636,DHAN_HISTORY,2026-03-15 17:36:15
NATIONALUM,2025-09-17 11:53:00,216.3,216.3,216.13,216.19,14512,DHAN_HISTORY,2026-03-15 17:36:15
NATIONALUM,2025-09-17 11:54:00,216.19,216.33,216.18,216.18,16999,DHAN_HISTORY,2026-03-15 17:36:15
NATIONALUM,2025-09-17 11:55:00,216.26,216.26,216.12,216.15,10266,DHAN_HISTORY,2026-03-15 17:36:15
NATIONALUM,2025-09-17 11:56:00,216.15,216.29,216.12,216.12,6102,DHAN_HISTORY,2026-03-15 17:36:15
NATIONALUM,2025-09-17 11:57:00,216.21,216.24,216.04,216.15,7289,DHAN_HISTORY,2026-03-15 17:36:15
NATIONALUM,2025-09-17 11:58:00,216.15,216.19,216.07,216.18,6397,DHAN_HISTORY,2026-03-15 17:36:15
NATIONALUM,2025-09-17 11:59:00,216.18,216.22,216.12,216.13,6599,DHAN_HISTORY,2026-03-15 17:36:15
NATIONALUM,2025-09-17 12:00:00,216.2,216.38,216.2,216.31,7889,DHAN_HISTORY,2026-03-15 17:36:15
NATIONALUM,2025-09-17 12:01:00,216.35,216.4,216.15,216.15,13681,DHAN_HISTORY,2026-03-15 17:36:15
NATIONALUM,2025-09-17 12:02:00,216.09,216.3,216.02,216.25,13246,DHAN_HISTORY,2026-03-15 17:36:15
NATIONALUM,2025-09-17 12:03:00,216.25,216.25,215.94,215.95,17834,DHAN_HISTORY,2026-03-15 17:36:15
NATIONALUM,2025-09-17 12:04:00,215.91,215.91,215.63,215.7,14141,DHAN_HISTORY,2026-03-15 17:36:15
NATIONALUM,2025-09-17 12:05:00,215.61,215.8,215.61,215.72,10166,DHAN_HISTORY,2026-03-15 17:36:15
NATIONALUM,2025-09-17 12:06:00,215.74,215.99,215.7,215.88,19508,DHAN_HISTORY,2026-03-15 17:36:15
NATIONALUM,2025-09-17 12:07:00,215.9,216.0,215.78,216.0,11730,DHAN_HISTORY,2026-03-15 17:36:15
NATIONALUM,2025-09-17 12:08:00,216.0,216.06,215.97,216.06,10096,DHAN_HISTORY,2026-03-15 17:36:15
NATIONALUM,2025-09-17 12:09:00,216.08,216.19,215.94,216.0,9757,DHAN_HISTORY,2026-03-15 17:36:15
NATIONALUM,2025-09-17 12:10:00,216.09,216.09,215.79,215.96,14041,DHAN_HISTORY,2026-03-15 17:36:15
NATIONALUM,2025-09-17 12:11:00,215.95,216.04,215.71,215.71,19333,DHAN_HISTORY,2026-03-15 17:36:15
NATIONALUM,2025-09-17 12:12:00,215.84,215.91,215.73,215.84,7635,DHAN_HISTORY,2026-03-15 17:36:15
NATIONALUM,2025-09-17 12:13:00,215.88,215.95,215.88,215.9,5918,DHAN_HISTORY,2026-03-15 17:36:15
NATIONALUM,2025-09-17 12:14:00,215.9,215.9,215.88,215.89,9875,DHAN_HISTORY,2026-03-15 17:36:15
NATIONALUM,2025-09-17 12:15:00,215.9,215.99,215.72,215.72,7973,DHAN_HISTORY,2026-03-15 17:36:15
NATIONALUM,2025-09-17 12:16:00,215.81,215.84,215.65,215.81,21576,DHAN_HISTORY,2026-03-15 17:36:15
NATIONALUM,2025-09-17 12:17:00,215.81,215.85,215.81,215.85,6941,DHAN_HISTORY,2026-03-15 17:36:15
NATIONALUM,2025-09-17 12:18:00,215.85,215.96,215.62,215.79,13450,DHAN_HISTORY,2026-03-15 17:36:15
NATIONALUM,2025-09-17 12:19:00,215.82,215.86,215.75,215.82,7206,DHAN_HISTORY,2026-03-15 17:36:15
NATIONALUM,2025-09-17 12:20:00,215.66,215.87,215.66,215.84,7493,DHAN_HISTORY,2026-03-15 17:36:15
NATIONALUM,2025-09-17 12:21:00,215.83,215.92,215.75,215.89,6164,DHAN_HISTORY,2026-03-15 17:36:15
NATIONALUM,2025-09-17 12:22:00,215.87,216.0,215.87,215.95,6010,DHAN_HISTORY,2026-03-15 17:36:15
NATIONALUM,2025-09-17 12:23:00,215.97,215.99,215.79,215.86,6241,DHAN_HISTORY,2026-03-15 17:36:15
NATIONALUM,2025-09-17 12:24:00,215.87,215.99,215.8,215.89,6512,DHAN_HISTORY,2026-03-15 17:36:15
NATIONALUM,2025-09-17 12:25:00,215.9,215.94,215.76,215.93,7671,DHAN_HISTORY,2026-03-15 17:36:15
NATIONALUM,2025-09-17 12:26:00,215.89,215.99,215.85,215.97,5641,DHAN_HISTORY,2026-03-15 17:36:15
NATIONALUM,2025-09-17 12:27:00,215.99,215.99,215.82,215.86,6017,DHAN_HISTORY,2026-03-15 17:36:15
NATIONALUM,2025-09-17 12:28:00,215.93,215.99,215.81,215.93,11024,DHAN_HISTORY,2026-03-15 17:36:15
NATIONALUM,2025-09-17 12:29:00,215.94,215.99,215.77,215.77,15935,DHAN_HISTORY,2026-03-15 17:36:15
NATIONALUM,2025-09-17 12:30:00,215.89,215.91,215.71,215.78,13050,DHAN_HISTORY,2026-03-15 17:36:15
NATIONALUM,2025-09-17 12:31:00,215.77,215.91,215.64,215.87,12261,DHAN_HISTORY,2026-03-15 17:36:15
NATIONALUM,2025-09-17 12:32:00,215.89,215.97,215.61,215.61,19441,DHAN_HISTORY,2026-03-15 17:36:15
NATIONALUM,2025-09-17 12:33:00,215.7,215.7,215.52,215.65,15170,DHAN_HISTORY,2026-03-15 17:36:15
NATIONALUM,2025-09-17 12:34:00,215.6,215.7,215.6,215.68,5190,DHAN_HISTORY,2026-03-15 17:36:15
NATIONALUM,2025-09-17 12:35:00,215.53,215.7,215.53,215.69,7503,DHAN_HISTORY,2026-03-15 17:36:15
NATIONALUM,2025-09-17 12:36:00,215.67,215.68,215.6,215.66,6799,DHAN_HISTORY,2026-03-15 17:36:15
NATIONALUM,2025-09-17 12:37:00,215.66,215.7,215.56,215.7,7167,DHAN_HISTORY,2026-03-15 17:36:15
NATIONALUM,2025-09-17 12:38:00,215.7,215.7,215.5,215.5,13165,DHAN_HISTORY,2026-03-15 17:36:15
NATIONALUM,2025-09-17 12:39:00,215.62,215.69,215.58,215.69,6310,DHAN_HISTORY,2026-03-15 17:36:15
NATIONALUM,2025-09-17 12:40:00,215.69,215.69,215.5,215.53,10853,DHAN_HISTORY,2026-03-15 17:36:15
NATIONALUM,2025-09-17 12:41:00,215.63,215.7,215.51,215.57,8115,DHAN_HISTORY,2026-03-15 17:36:15
NATIONALUM,2025-09-17 12:42:00,215.52,215.7,215.44,215.56,13286,DHAN_HISTORY,2026-03-15 17:36:15
NATIONALUM,2025-09-17 12:43:00,215.58,215.75,215.51,215.74,38195,DHAN_HISTORY,2026-03-15 17:36:15
NATIONALUM,2025-09-17 12:44:00,215.75,215.98,215.74,215.98,9876,DHAN_HISTORY,2026-03-15 17:36:15
NATIONALUM,2025-09-17 12:45:00,215.98,216.15,215.9,215.95,43850,DHAN_HISTORY,2026-03-15 17:36:15
NATIONALUM,2025-09-17 12:46:00,215.95,216.13,215.92,216.13,59584,DHAN_HISTORY,2026-03-15 17:36:15
NATIONALUM,2025-09-17 12:47:00,215.92,216.13,215.8,215.9,102916,DHAN_HISTORY,2026-03-15 17:36:15
NATIONALUM,2025-09-17 12:48:00,215.98,215.98,215.7,215.7,12904,DHAN_HISTORY,2026-03-15 17:36:15
NATIONALUM,2025-09-17 12:49:00,215.7,215.72,215.44,215.5,19785,DHAN_HISTORY,2026-03-15 17:36:15
NATIONALUM,2025-09-17 12:50:00,215.52,215.53,215.3,215.37,10057,DHAN_HISTORY,2026-03-15 17:36:15
NATIONALUM,2025-09-17 12:51:00,215.37,215.37,215.1,215.29,30132,DHAN_HISTORY,2026-03-15 17:36:15
NATIONALUM,2025-09-17 12:52:00,215.29,215.31,215.18,215.28,18962,DHAN_HISTORY,2026-03-15 17:36:15
NATIONALUM,2025-09-17 12:53:00,215.28,215.33,215.28,215.29,11269,DHAN_HISTORY,2026-03-15 17:36:15
NATIONALUM,2025-09-17 12:54:00,215.29,215.31,215.22,215.29,7173,DHAN_HISTORY,2026-03-15 17:36:15
NATIONALUM,2025-09-17 12:55:00,215.29,215.5,215.29,215.5,11326,DHAN_HISTORY,2026-03-15 17:36:15
NATIONALUM,2025-09-17 12:56:00,215.5,215.6,215.5,215.54,19863,DHAN_HISTORY,2026-03-15 17:36:15
NATIONALUM,2025-09-17 12:57:00,215.54,215.57,215.38,215.39,5758,DHAN_HISTORY,2026-03-15 17:36:15
NATIONALUM,2025-09-17 12:58:00,215.49,215.5,215.39,215.4,5802,DHAN_HISTORY,2026-03-15 17:36:15
NATIONALUM,2025-09-17 12:59:00,215.5,215.5,215.25,215.46,17704,DHAN_HISTORY,2026-03-15 17:36:15
NATIONALUM,2025-09-17 13:00:00,215.47,215.52,215.3,215.41,10504,DHAN_HISTORY,2026-03-15 17:36:15
NATIONALUM,2025-09-17 13:01:00,215.49,215.59,215.41,215.59,9131,DHAN_HISTORY,2026-03-15 17:36:15
NATIONALUM,2025-09-17 13:02:00,215.58,215.59,215.48,215.51,6104,DHAN_HISTORY,2026-03-15 17:36:15
NATIONALUM,2025-09-17 13:03:00,215.51,215.59,215.3,215.55,21972,DHAN_HISTORY,2026-03-15 17:36:15
NATIONALUM,2025-09-17 13:04:00,215.55,215.6,215.46,215.46,29497,DHAN_HISTORY,2026-03-15 17:36:15
NATIONALUM,2025-09-17 13:05:00,215.43,215.54,215.43,215.43,6085,DHAN_HISTORY,2026-03-15 17:36:15
NATIONALUM,2025-09-17 13:06:00,215.43,215.53,215.4,215.4,8726,DHAN_HISTORY,2026-03-15 17:36:15
NATIONALUM,2025-09-17 13:07:00,215.43,215.51,215.31,215.47,26076,DHAN_HISTORY,2026-03-15 17:36:15
NATIONALUM,2025-09-17 13:08:00,215.43,215.46,215.35,215.45,11910,DHAN_HISTORY,2026-03-15 17:36:15
NATIONALUM,2025-09-17 13:09:00,215.4,216.0,215.4,215.83,63147,DHAN_HISTORY,2026-03-15 17:36:15
NATIONALUM,2025-09-17 13:10:00,215.66,216.19,215.66,216.0,41628,DHAN_HISTORY,2026-03-15 17:36:15
NATIONALUM,2025-09-17 13:11:00,215.94,216.0,215.75,215.89,80140,DHAN_HISTORY,2026-03-15 17:36:15
NATIONALUM,2025-09-17 13:12:00,215.87,215.99,215.87,215.9,11779,DHAN_HISTORY,2026-03-15 17:36:15
NATIONALUM,2025-09-17 13:13:00,215.8,215.96,215.8,215.86,6213,DHAN_HISTORY,2026-03-15 17:36:15
NATIONALUM,2025-09-17 13:14:00,215.88,216.2,215.83,216.0,40477,DHAN_HISTORY,2026-03-15 17:36:15
NATIONALUM,2025-09-17 13:15:00,216.0,216.15,215.99,216.06,7467,DHAN_HISTORY,2026-03-15 17:36:15
NATIONALUM,2025-09-17 13:16:00,216.05,216.25,215.87,216.15,95258,DHAN_HISTORY,2026-03-15 17:36:15
NATIONALUM,2025-09-17 13:17:00,216.15,216.4,216.11,216.17,23949,DHAN_HISTORY,2026-03-15 17:36:15
NATIONALUM,2025-09-17 13:18:00,216.11,216.16,216.0,216.14,55111,DHAN_HISTORY,2026-03-15 17:36:15
NATIONALUM,2025-09-17 13:19:00,216.14,216.25,216.1,216.13,26864,DHAN_HISTORY,2026-03-15 17:36:15
NATIONALUM,2025-09-17 13:20:00,216.14,216.23,216.0,216.1,35556,DHAN_HISTORY,2026-03-15 17:36:15
NATIONALUM,2025-09-17 13:21:00,216.15,216.22,215.9,215.96,25688,DHAN_HISTORY,2026-03-15 17:36:15
NATIONALUM,2025-09-17 13:22:00,216.01,216.16,215.89,216.01,21329,DHAN_HISTORY,2026-03-15 17:36:15
NATIONALUM,2025-09-17 13:23:00,216.01,216.24,216.01,216.01,29962,DHAN_HISTORY,2026-03-15 17:36:15
NATIONALUM,2025-09-17 13:24:00,215.92,216.04,215.88,215.88,18298,DHAN_HISTORY,2026-03-15 17:36:15
NATIONALUM,2025-09-17 13:25:00,215.88,216.09,215.71,215.85,19618,DHAN_HISTORY,2026-03-15 17:36:15
NATIONALUM,2025-09-17 13:26:00,215.85,215.98,215.79,215.89,5816,DHAN_HISTORY,2026-03-15 17:36:15
NATIONALUM,2025-09-17 13:27:00,215.81,215.97,215.74,215.9,12160,DHAN_HISTORY,2026-03-15 17:36:15
NATIONALUM,2025-09-17 13:28:00,215.77,215.83,215.61,215.62,31121,DHAN_HISTORY,2026-03-15 17:36:15
NATIONALUM,2025-09-17 13:29:00,215.67,215.67,215.41,215.48,30173,DHAN_HISTORY,2026-03-15 17:36:15
NATIONALUM,2025-09-17 13:30:00,215.53,215.6,215.47,215.52,9447,DHAN_HISTORY,2026-03-15 17:36:15
NATIONALUM,2025-09-17 13:31:00,215.48,215.6,215.45,215.46,11139,DHAN_HISTORY,2026-03-15 17:36:15
NATIONALUM,2025-09-17 13:32:00,215.46,215.69,215.46,215.62,18045,DHAN_HISTORY,2026-03-15 17:36:15
NATIONALUM,2025-09-17 13:33:00,215.53,215.61,215.44,215.44,18305,DHAN_HISTORY,2026-03-15 17:36:15
NATIONALUM,2025-09-17 13:34:00,215.44,215.55,215.44,215.44,5780,DHAN_HISTORY,2026-03-15 17:36:15
NATIONALUM,2025-09-17 13:35:00,215.49,215.52,215.35,215.35,8813,DHAN_HISTORY,2026-03-15 17:36:15
NATIONALUM,2025-09-17 13:36:00,215.35,215.51,215.35,215.35,7848,DHAN_HISTORY,2026-03-15 17:36:15
NATIONALUM,2025-09-17 13:37:00,215.28,215.38,215.2,215.21,20029,DHAN_HISTORY,2026-03-15 17:36:15
NATIONALUM,2025-09-17 13:38:00,215.21,215.3,215.2,215.21,7264,DHAN_HISTORY,2026-03-15 17:36:15
NATIONALUM,2025-09-17 13:39:00,215.21,215.21,214.9,214.97,50445,DHAN_HISTORY,2026-03-15 17:36:15
NATIONALUM,2025-09-17 13:40:00,215.02,215.31,215.0,215.19,9563,DHAN_HISTORY,2026-03-15 17:36:15
NATIONALUM,2025-09-17 13:41:00,215.17,215.25,214.8,214.85,34081,DHAN_HISTORY,2026-03-15 17:36:15
NATIONALUM,2025-09-17 13:42:00,214.8,214.8,214.5,214.53,40632,DHAN_HISTORY,2026-03-15 17:36:15
NATIONALUM,2025-09-17 13:43:00,214.5,214.54,214.01,214.01,74976,DHAN_HISTORY,2026-03-15 17:36:15
NATIONALUM,2025-09-17 13:44:00,214.11,214.26,214.1,214.1,25944,DHAN_HISTORY,2026-03-15 17:36:15
NATIONALUM,2025-09-17 13:45:00,214.07,214.18,213.41,213.5,106517,DHAN_HISTORY,2026-03-15 17:36:15
NATIONALUM,2025-09-17 13:46:00,213.5,214.03,213.5,213.8,48791,DHAN_HISTORY,2026-03-15 17:36:15
NATIONALUM,2025-09-17 13:47:00,213.65,213.75,213.45,213.6,77054,DHAN_HISTORY,2026-03-15 17:36:15
NATIONALUM,2025-09-17 13:48:00,213.6,213.85,213.56,213.71,18087,DHAN_HISTORY,2026-03-15 17:36:15
NATIONALUM,2025-09-17 13:49:00,213.62,213.8,213.62,213.76,20640,DHAN_HISTORY,2026-03-15 17:36:15
NATIONALUM,2025-09-17 13:50:00,213.68,213.68,213.45,213.45,27554,DHAN_HISTORY,2026-03-15 17:36:15
NATIONALUM,2025-09-17 13:51:00,213.58,213.87,213.56,213.87,30264,DHAN_HISTORY,2026-03-15 17:36:15
NATIONALUM,2025-09-17 13:52:00,213.8,213.81,213.57,213.63,31390,DHAN_HISTORY,2026-03-15 17:36:15
NATIONALUM,2025-09-17 13:53:00,213.58,213.8,213.58,213.78,14970,DHAN_HISTORY,2026-03-15 17:36:15
NATIONALUM,2025-09-17 13:54:00,213.67,213.9,213.67,213.8,13779,DHAN_HISTORY,2026-03-15 17:36:15
NATIONALUM,2025-09-17 13:55:00,213.74,214.1,213.74,214.06,16817,DHAN_HISTORY,2026-03-15 17:36:15
NATIONALUM,2025-09-17 13:56:00,214.02,214.23,214.02,214.15,13562,DHAN_HISTORY,2026-03-15 17:36:15
NATIONALUM,2025-09-17 13:57:00,214.15,214.18,214.1,214.13,23558,DHAN_HISTORY,2026-03-15 17:36:15
NATIONALUM,2025-09-17 13:58:00,214.1,214.22,213.9,213.93,15817,DHAN_HISTORY,2026-03-15 17:36:15
NATIONALUM,2025-09-17 13:59:00,213.93,214.0,213.52,213.6,20452,DHAN_HISTORY,2026-03-15 17:36:15
NATIONALUM,2025-09-17 14:00:00,213.51,213.83,213.02,213.11,51408,DHAN_HISTORY,2026-03-15 17:36:15
NATIONALUM,2025-09-17 14:01:00,213.02,213.08,212.28,212.63,82730,DHAN_HISTORY,2026-03-15 17:36:15
NATIONALUM,2025-09-17 14:02:00,212.64,212.73,212.07,212.5,63683,DHAN_HISTORY,2026-03-15 17:36:15
NATIONALUM,2025-09-17 14:03:00,212.58,212.58,212.12,212.23,49758,DHAN_HISTORY,2026-03-15 17:36:15
NATIONALUM,2025-09-17 14:04:00,212.21,212.3,211.7,211.86,61053,DHAN_HISTORY,2026-03-15 17:36:15
NATIONALUM,2025-09-17 14:05:00,211.94,212.1,211.76,211.95,60783,DHAN_HISTORY,2026-03-15 17:36:15
NATIONALUM,2025-09-17 14:06:00,211.9,212.09,211.66,211.82,35573,DHAN_HISTORY,2026-03-15 17:36:15
NATIONALUM,2025-09-17 14:07:00,211.81,212.01,211.77,211.89,16136,DHAN_HISTORY,2026-03-15 17:36:15
NATIONALUM,2025-09-17 14:08:00,211.89,212.27,211.85,212.27,45692,DHAN_HISTORY,2026-03-15 17:36:15
NATIONALUM,2025-09-17 14:09:00,212.19,212.5,212.06,212.5,45623,DHAN_HISTORY,2026-03-15 17:36:15
NATIONALUM,2025-09-17 14:10:00,212.5,212.69,212.38,212.38,105820,DHAN_HISTORY,2026-03-15 17:36:15
NATIONALUM,2025-09-17 14:11:00,212.38,212.54,212.32,212.4,9675,DHAN_HISTORY,2026-03-15 17:36:15
NATIONALUM,2025-09-17 14:12:00,212.4,212.69,212.39,212.69,10947,DHAN_HISTORY,2026-03-15 17:36:15
NATIONALUM,2025-09-17 14:13:00,212.68,212.79,212.54,212.74,27404,DHAN_HISTORY,2026-03-15 17:36:15
NATIONALUM,2025-09-17 14:14:00,212.5,212.74,212.5,212.72,33697,DHAN_HISTORY,2026-03-15 17:36:15
NATIONALUM,2025-09-17 14:15:00,212.73,212.73,212.51,212.7,10996,DHAN_HISTORY,2026-03-15 17:36:15
NATIONALUM,2025-09-17 14:16:00,212.63,212.95,212.63,212.8,23832,DHAN_HISTORY,2026-03-15 17:36:15
NATIONALUM,2025-09-17 14:17:00,212.82,212.89,212.73,212.88,16261,DHAN_HISTORY,2026-03-15 17:36:15
NATIONALUM,2025-09-17 14:18:00,212.88,213.19,212.88,213.15,29892,DHAN_HISTORY,2026-03-15 17:36:15
NATIONALUM,2025-09-17 14:19:00,212.97,213.2,212.89,212.99,29920,DHAN_HISTORY,2026-03-15 17:36:15
NATIONALUM,2025-09-17 14:20:00,212.99,213.19,212.99,213.19,13507,DHAN_HISTORY,2026-03-15 17:36:15
NATIONALUM,2025-09-17 14:21:00,213.15,213.2,213.0,213.1,26327,DHAN_HISTORY,2026-03-15 17:36:15
NATIONALUM,2025-09-17 14:22:00,213.03,213.12,212.89,212.89,23728,DHAN_HISTORY,2026-03-15 17:36:15
NATIONALUM,2025-09-17 14:23:00,212.87,213.04,212.74,213.0,15896,DHAN_HISTORY,2026-03-15 17:36:15
NATIONALUM,2025-09-17 14:24:00,212.81,213.14,212.81,212.87,26818,DHAN_HISTORY,2026-03-15 17:36:15
NATIONALUM,2025-09-17 14:25:00,212.88,212.95,212.56,212.56,7625,DHAN_HISTORY,2026-03-15 17:36:15
NATIONALUM,2025-09-17 14:26:00,212.51,212.67,212.4,212.47,18883,DHAN_HISTORY,2026-03-15 17:36:15
NATIONALUM,2025-09-17 14:27:00,212.52,212.58,212.42,212.49,18795,DHAN_HISTORY,2026-03-15 17:36:15
NATIONALUM,2025-09-17 14:28:00,212.41,212.49,212.3,212.38,10312,DHAN_HISTORY,2026-03-15 17:36:15
NATIONALUM,2025-09-17 14:29:00,212.37,212.69,212.37,212.52,27962,DHAN_HISTORY,2026-03-15 17:36:15
NATIONALUM,2025-09-17 14:30:00,212.57,212.65,212.45,212.53,12425,DHAN_HISTORY,2026-03-15 17:36:15
NATIONALUM,2025-09-17 14:31:00,212.46,212.51,212.25,212.39,7889,DHAN_HISTORY,2026-03-15 17:36:15
NATIONALUM,2025-09-17 14:32:00,212.41,212.45,212.26,212.45,21023,DHAN_HISTORY,2026-03-15 17:36:15
NATIONALUM,2025-09-17 14:33:00,212.34,212.5,212.32,212.47,6660,DHAN_HISTORY,2026-03-15 17:36:15
NATIONALUM,2025-09-17 14:34:00,212.5,212.63,212.5,212.6,7595,DHAN_HISTORY,2026-03-15 17:36:15
NATIONALUM,2025-09-17 14:35:00,212.59,212.81,212.4,212.81,8887,DHAN_HISTORY,2026-03-15 17:36:15
NATIONALUM,2025-09-17 14:36:00,212.75,212.98,212.61,212.79,20871,DHAN_HISTORY,2026-03-15 17:36:15
NATIONALUM,2025-09-17 14:37:00,212.54,212.68,212.51,212.57,18612,DHAN_HISTORY,2026-03-15 17:36:15
NATIONALUM,2025-09-17 14:38:00,212.56,212.73,212.51,212.68,6615,DHAN_HISTORY,2026-03-15 17:36:15
NATIONALUM,2025-09-17 14:39:00,212.6,212.7,212.53,212.53,15239,DHAN_HISTORY,2026-03-15 17:36:15
NATIONALUM,2025-09-17 14:40:00,212.58,212.63,212.52,212.52,13609,DHAN_HISTORY,2026-03-15 17:36:15
NATIONALUM,2025-09-17 14:41:00,212.54,212.54,212.42,212.49,10668,DHAN_HISTORY,2026-03-15 17:36:15
NATIONALUM,2025-09-17 14:42:00,212.44,212.82,212.44,212.74,24311,DHAN_HISTORY,2026-03-15 17:36:15
NATIONALUM,2025-09-17 14:43:00,212.79,212.79,212.45,212.5,17555,DHAN_HISTORY,2026-03-15 17:36:15
NATIONALUM,2025-09-17 14:44:00,212.59,212.72,212.5,212.72,6499,DHAN_HISTORY,2026-03-15 17:36:15
NATIONALUM,2025-09-17 14:45:00,212.63,212.78,212.63,212.65,19617,DHAN_HISTORY,2026-03-15 17:36:15
NATIONALUM,2025-09-17 14:46:00,212.67,212.7,212.5,212.58,5239,DHAN_HISTORY,2026-03-15 17:36:15
NATIONALUM,2025-09-17 14:47:00,212.5,212.68,212.5,212.55,22652,DHAN_HISTORY,2026-03-15 17:36:15
NATIONALUM,2025-09-17 14:48:00,212.57,212.7,212.5,212.56,5250,DHAN_HISTORY,2026-03-15 17:36:15
NATIONALUM,2025-09-17 14:49:00,212.57,212.79,212.57,212.71,8183,DHAN_HISTORY,2026-03-15 17:36:15
NATIONALUM,2025-09-17 14:50:00,212.79,213.2,212.79,213.16,50505,DHAN_HISTORY,2026-03-15 17:36:15
NATIONALUM,2025-09-17 14:51:00,213.1,213.19,213.1,213.17,10994,DHAN_HISTORY,2026-03-15 17:36:15
NATIONALUM,2025-09-17 14:52:00,213.1,213.2,213.03,213.05,21830,DHAN_HISTORY,2026-03-15 17:36:15
NATIONALUM,2025-09-17 14:53:00,213.05,213.14,213.0,213.14,19362,DHAN_HISTORY,2026-03-15 17:36:15
NATIONALUM,2025-09-17 14:54:00,213.14,213.24,213.03,213.24,18990,DHAN_HISTORY,2026-03-15 17:36:15
NATIONALUM,2025-09-17 14:55:00,213.26,213.4,213.2,213.4,11064,DHAN_HISTORY,2026-03-15 17:36:15
NATIONALUM,2025-09-17 14:56:00,213.3,213.4,213.3,213.38,14071,DHAN_HISTORY,2026-03-15 17:36:15
NATIONALUM,2025-09-17 14:57:00,213.4,213.4,213.24,213.32,9663,DHAN_HISTORY,2026-03-15 17:36:15
NATIONALUM,2025-09-17 14:58:00,213.25,213.45,213.25,213.43,22761,DHAN_HISTORY,2026-03-15 17:36:15
NATIONALUM,2025-09-17 14:59:00,213.43,213.46,213.3,213.35,19074,DHAN_HISTORY,2026-03-15 17:36:15
NATIONALUM,2025-09-17 15:00:00,213.37,213.67,213.37,213.59,32741,DHAN_HISTORY,2026-03-15 17:36:15
NATIONALUM,2025-09-17 15:01:00,213.62,213.62,213.49,213.56,25597,DHAN_HISTORY,2026-03-15 17:36:15
NATIONALUM,2025-09-17 15:02:00,213.54,213.65,213.49,213.53,50442,DHAN_HISTORY,2026-03-15 17:36:15
NATIONALUM,2025-09-17 15:03:00,213.54,213.54,213.4,213.4,11894,DHAN_HISTORY,2026-03-15 17:36:15
NATIONALUM,2025-09-17 15:04:00,213.43,213.45,213.24,213.28,18385,DHAN_HISTORY,2026-03-15 17:36:15
NATIONALUM,2025-09-17 15:05:00,213.24,213.53,213.24,213.52,65664,DHAN_HISTORY,2026-03-15 17:36:15
NATIONALUM,2025-09-17 15:06:00,213.5,213.5,213.21,213.46,25327,DHAN_HISTORY,2026-03-15 17:36:15
NATIONALUM,2025-09-17 15:07:00,213.42,213.42,213.16,213.22,21940,DHAN_HISTORY,2026-03-15 17:36:15
NATIONALUM,2025-09-17 15:08:00,213.22,213.34,213.22,213.29,14840,DHAN_HISTORY,2026-03-15 17:36:15
NATIONALUM,2025-09-17 15:09:00,213.29,213.32,213.22,213.24,16529,DHAN_HISTORY,2026-03-15 17:36:15
NATIONALUM,2025-09-17 15:10:00,213.24,213.42,213.22,213.38,58235,DHAN_HISTORY,2026-03-15 17:36:15
NATIONALUM,2025-09-17 15:11:00,213.36,213.38,213.01,213.04,57906,DHAN_HISTORY,2026-03-15 17:36:15
NATIONALUM,2025-09-17 15:12:00,213.08,213.45,213.02,213.33,74893,DHAN_HISTORY,2026-03-15 17:36:15
NATIONALUM,2025-09-17 15:13:00,213.39,213.42,213.31,213.35,15593,DHAN_HISTORY,2026-03-15 17:36:15
NATIONALUM,2025-09-17 15:14:00,213.35,213.37,213.33,213.34,11078,DHAN_HISTORY,2026-03-15 17:36:15
NATIONALUM,2025-09-17 15:15:00,213.34,213.37,213.12,213.28,42172,DHAN_HISTORY,2026-03-15 17:36:15
NATIONALUM,2025-09-17 15:16:00,213.13,213.3,213.1,213.25,40322,DHAN_HISTORY,2026-03-15 17:36:15
NATIONALUM,2025-09-17 15:17:00,213.25,213.44,213.24,213.35,20422,DHAN_HISTORY,2026-03-15 17:36:15
NATIONALUM,2025-09-17 15:18:00,213.35,213.39,213.27,213.34,19241,DHAN_HISTORY,2026-03-15 17:36:15
NATIONALUM,2025-09-17 15:19:00,213.34,213.39,213.33,213.39,15120,DHAN_HISTORY,2026-03-15 17:36:15
NATIONALUM,2025-09-17 15:20:00,213.39,213.4,213.2,213.22,71364,DHAN_HISTORY,2026-03-15 17:36:15
NATIONALUM,2025-09-17 15:21:00,213.21,213.39,213.2,213.35,23826,DHAN_HISTORY,2026-03-15 17:36:15
NATIONALUM,2025-09-17 15:22:00,213.35,213.39,213.33,213.39,14833,DHAN_HISTORY,2026-03-15 17:36:15
NATIONALUM,2025-09-17 15:23:00,213.36,213.36,213.15,213.28,28539,DHAN_HISTORY,2026-03-15 17:36:15
NATIONALUM,2025-09-17 15:24:00,213.19,213.28,213.15,213.22,16972,DHAN_HISTORY,2026-03-15 17:36:15
NATIONALUM,2025-09-17 15:25:00,213.21,213.23,213.09,213.15,24300,DHAN_HISTORY,2026-03-15 17:36:15
NATIONALUM,2025-09-17 15:26:00,213.14,213.14,213.05,213.05,31309,DHAN_HISTORY,2026-03-15 17:36:15
NATIONALUM,2025-09-17 15:27:00,213.05,213.1,213.0,213.1,86710,DHAN_HISTORY,2026-03-15 17:36:15
NATIONALUM,2025-09-17 15:28:00,213.1,213.19,213.02,213.19,27980,DHAN_HISTORY,2026-03-15 17:36:15
NATIONALUM,2025-09-17 15:29:00,213.1,213.2,213.05,213.15,55171,DHAN_HISTORY,2026-03-15 17:36:15
