symbol,timestamp,open,high,low,close,volume,source,last_updated
MRPL,2026-02-02 09:15:00,164.0,168.99,164.0,166.99,174431,DHAN_HISTORY,2026-03-15 16:47:50
MRPL,2026-02-02 09:16:00,167.35,169.68,167.15,169.14,209749,DHAN_HISTORY,2026-03-15 16:47:50
MRPL,2026-02-02 09:17:00,169.04,170.21,168.58,169.24,220616,DHAN_HISTORY,2026-03-15 16:47:50
MRPL,2026-02-02 09:18:00,169.06,169.94,168.98,169.38,210296,DHAN_HISTORY,2026-03-15 16:47:50
MRPL,2026-02-02 09:19:00,169.44,170.6,169.44,170.5,267975,DHAN_HISTORY,2026-03-15 16:47:50
MRPL,2026-02-02 09:20:00,170.41,170.78,169.66,170.31,213896,DHAN_HISTORY,2026-03-15 16:47:50
MRPL,2026-02-02 09:21:00,170.5,171.68,170.5,171.21,252519,DHAN_HISTORY,2026-03-15 16:47:50
MRPL,2026-02-02 09:22:00,171.1,172.96,171.0,172.4,355981,DHAN_HISTORY,2026-03-15 16:47:50
MRPL,2026-02-02 09:23:00,172.74,173.79,172.41,172.49,487488,DHAN_HISTORY,2026-03-15 16:47:50
MRPL,2026-02-02 09:24:00,172.69,172.95,171.93,172.53,197313,DHAN_HISTORY,2026-03-15 16:47:50
MRPL,2026-02-02 09:25:00,172.52,172.52,171.67,171.8,199534,DHAN_HISTORY,2026-03-15 16:47:50
MRPL,2026-02-02 09:26:00,171.84,172.35,171.31,171.93,238504,DHAN_HISTORY,2026-03-15 16:47:50
MRPL,2026-02-02 09:27:00,171.67,172.41,171.67,172.24,120164,DHAN_HISTORY,2026-03-15 16:47:50
MRPL,2026-02-02 09:28:00,172.11,172.99,172.01,172.85,211202,DHAN_HISTORY,2026-03-15 16:47:50
MRPL,2026-02-02 09:29:00,172.7,173.38,172.53,172.99,255905,DHAN_HISTORY,2026-03-15 16:47:50
MRPL,2026-02-02 09:30:00,172.98,173.0,171.76,172.99,297288,DHAN_HISTORY,2026-03-15 16:47:50
MRPL,2026-02-02 09:31:00,172.86,173.1,172.43,172.49,161038,DHAN_HISTORY,2026-03-15 16:47:50
MRPL,2026-02-02 09:32:00,172.49,173.1,172.36,172.77,129069,DHAN_HISTORY,2026-03-15 16:47:50
MRPL,2026-02-02 09:33:00,172.92,173.0,172.57,172.9,136663,DHAN_HISTORY,2026-03-15 16:47:50
MRPL,2026-02-02 09:34:00,172.73,172.85,171.14,171.99,319560,DHAN_HISTORY,2026-03-15 16:47:50
MRPL,2026-02-02 09:35:00,171.99,171.99,170.6,171.18,304738,DHAN_HISTORY,2026-03-15 16:47:50
MRPL,2026-02-02 09:36:00,171.29,171.48,170.9,171.06,202341,DHAN_HISTORY,2026-03-15 16:47:50
MRPL,2026-02-02 09:37:00,171.06,171.23,170.24,171.2,228782,DHAN_HISTORY,2026-03-15 16:47:50
MRPL,2026-02-02 09:38:00,171.22,171.85,171.01,171.6,97754,DHAN_HISTORY,2026-03-15 16:47:50
MRPL,2026-02-02 09:39:00,171.56,171.83,171.01,171.01,86522,DHAN_HISTORY,2026-03-15 16:47:50
MRPL,2026-02-02 09:40:00,170.89,171.05,170.5,170.89,186657,DHAN_HISTORY,2026-03-15 16:47:50
MRPL,2026-02-02 09:41:00,170.89,170.9,170.25,170.57,169220,DHAN_HISTORY,2026-03-15 16:47:50
MRPL,2026-02-02 09:42:00,170.51,171.23,170.2,170.65,139527,DHAN_HISTORY,2026-03-15 16:47:50
MRPL,2026-02-02 09:43:00,170.74,171.13,170.61,170.88,71113,DHAN_HISTORY,2026-03-15 16:47:50
MRPL,2026-02-02 09:44:00,170.88,171.04,170.62,170.84,76888,DHAN_HISTORY,2026-03-15 16:47:50
MRPL,2026-02-02 09:45:00,170.88,171.3,170.77,171.04,96547,DHAN_HISTORY,2026-03-15 16:47:50
MRPL,2026-02-02 09:46:00,170.95,171.14,170.8,171.11,67210,DHAN_HISTORY,2026-03-15 16:47:50
MRPL,2026-02-02 09:47:00,171.11,171.31,170.75,170.87,64920,DHAN_HISTORY,2026-03-15 16:47:50
MRPL,2026-02-02 09:48:00,170.96,171.3,170.87,171.3,48659,DHAN_HISTORY,2026-03-15 16:47:50
MRPL,2026-02-02 09:49:00,171.3,171.3,170.85,171.18,78604,DHAN_HISTORY,2026-03-15 16:47:50
MRPL,2026-02-02 09:50:00,171.1,171.24,170.51,170.63,69319,DHAN_HISTORY,2026-03-15 16:47:50
MRPL,2026-02-02 09:51:00,170.56,171.0,170.56,170.99,57281,DHAN_HISTORY,2026-03-15 16:47:50
MRPL,2026-02-02 09:52:00,170.97,171.18,170.53,170.84,52951,DHAN_HISTORY,2026-03-15 16:47:50
MRPL,2026-02-02 09:53:00,170.86,170.96,170.67,170.8,60020,DHAN_HISTORY,2026-03-15 16:47:50
MRPL,2026-02-02 09:54:00,170.76,170.96,170.76,170.95,26090,DHAN_HISTORY,2026-03-15 16:47:50
MRPL,2026-02-02 09:55:00,170.97,171.44,170.7,171.1,94180,DHAN_HISTORY,2026-03-15 16:47:50
MRPL,2026-02-02 09:56:00,171.03,171.09,170.53,170.86,76257,DHAN_HISTORY,2026-03-15 16:47:50
MRPL,2026-02-02 09:57:00,170.77,170.99,170.55,170.99,44760,DHAN_HISTORY,2026-03-15 16:47:50
MRPL,2026-02-02 09:58:00,170.98,170.98,170.43,170.57,95661,DHAN_HISTORY,2026-03-15 16:47:50
MRPL,2026-02-02 09:59:00,170.5,170.64,169.75,169.9,198820,DHAN_HISTORY,2026-03-15 16:47:50
MRPL,2026-02-02 10:00:00,169.96,170.1,169.74,169.97,107864,DHAN_HISTORY,2026-03-15 16:47:50
MRPL,2026-02-02 10:01:00,170.0,170.65,170.0,170.34,86074,DHAN_HISTORY,2026-03-15 16:47:50
MRPL,2026-02-02 10:02:00,170.16,170.44,169.85,170.38,48856,DHAN_HISTORY,2026-03-15 16:47:50
MRPL,2026-02-02 10:03:00,170.3,170.6,170.29,170.38,23829,DHAN_HISTORY,2026-03-15 16:47:50
MRPL,2026-02-02 10:04:00,170.48,170.54,170.21,170.27,22368,DHAN_HISTORY,2026-03-15 16:47:50
MRPL,2026-02-02 10:05:00,170.27,170.41,169.8,169.99,84395,DHAN_HISTORY,2026-03-15 16:47:50
MRPL,2026-02-02 10:06:00,170.0,170.08,169.71,169.93,79971,DHAN_HISTORY,2026-03-15 16:47:50
MRPL,2026-02-02 10:07:00,169.97,170.18,169.8,169.82,36461,DHAN_HISTORY,2026-03-15 16:47:50
MRPL,2026-02-02 10:08:00,169.84,169.95,169.72,169.84,43572,DHAN_HISTORY,2026-03-15 16:47:50
MRPL,2026-02-02 10:09:00,169.83,170.2,169.72,170.05,72550,DHAN_HISTORY,2026-03-15 16:47:50
MRPL,2026-02-02 10:10:00,170.07,170.08,169.83,169.86,28092,DHAN_HISTORY,2026-03-15 16:47:50
MRPL,2026-02-02 10:11:00,169.86,170.39,169.81,170.09,45036,DHAN_HISTORY,2026-03-15 16:47:50
MRPL,2026-02-02 10:12:00,170.04,170.35,169.24,169.34,133314,DHAN_HISTORY,2026-03-15 16:47:50
MRPL,2026-02-02 10:13:00,169.48,169.48,169.01,169.1,106877,DHAN_HISTORY,2026-03-15 16:47:50
MRPL,2026-02-02 10:14:00,169.02,169.26,168.89,169.06,96183,DHAN_HISTORY,2026-03-15 16:47:50
MRPL,2026-02-02 10:15:00,169.08,169.37,168.96,169.37,105563,DHAN_HISTORY,2026-03-15 16:47:50
MRPL,2026-02-02 10:16:00,169.27,169.5,169.26,169.33,46633,DHAN_HISTORY,2026-03-15 16:47:50
MRPL,2026-02-02 10:17:00,169.35,169.79,169.35,169.44,38215,DHAN_HISTORY,2026-03-15 16:47:50
MRPL,2026-02-02 10:18:00,169.44,169.8,169.44,169.8,44780,DHAN_HISTORY,2026-03-15 16:47:50
MRPL,2026-02-02 10:19:00,169.95,170.45,169.7,170.25,90122,DHAN_HISTORY,2026-03-15 16:47:50
MRPL,2026-02-02 10:20:00,170.23,170.45,170.07,170.24,47566,DHAN_HISTORY,2026-03-15 16:47:50
MRPL,2026-02-02 10:21:00,170.24,170.48,170.2,170.4,43960,DHAN_HISTORY,2026-03-15 16:47:50
MRPL,2026-02-02 10:22:00,170.5,170.7,170.33,170.5,93266,DHAN_HISTORY,2026-03-15 16:47:50
MRPL,2026-02-02 10:23:00,170.35,170.5,170.14,170.34,17583,DHAN_HISTORY,2026-03-15 16:47:50
MRPL,2026-02-02 10:24:00,170.34,170.4,170.03,170.05,29647,DHAN_HISTORY,2026-03-15 16:47:50
MRPL,2026-02-02 10:25:00,170.05,170.26,170.02,170.1,21511,DHAN_HISTORY,2026-03-15 16:47:50
MRPL,2026-02-02 10:26:00,170.02,170.24,170.01,170.2,26397,DHAN_HISTORY,2026-03-15 16:47:50
MRPL,2026-02-02 10:27:00,170.19,170.5,170.19,170.45,33771,DHAN_HISTORY,2026-03-15 16:47:50
MRPL,2026-02-02 10:28:00,170.48,170.5,170.23,170.29,15787,DHAN_HISTORY,2026-03-15 16:47:50
MRPL,2026-02-02 10:29:00,170.25,170.34,170.23,170.25,16873,DHAN_HISTORY,2026-03-15 16:47:50
MRPL,2026-02-02 10:30:00,170.34,170.45,170.23,170.23,26359,DHAN_HISTORY,2026-03-15 16:47:50
MRPL,2026-02-02 10:31:00,170.25,170.5,170.05,170.11,40073,DHAN_HISTORY,2026-03-15 16:47:50
MRPL,2026-02-02 10:32:00,170.19,170.39,170.12,170.39,10695,DHAN_HISTORY,2026-03-15 16:47:50
MRPL,2026-02-02 10:33:00,170.33,170.35,169.93,170.02,26681,DHAN_HISTORY,2026-03-15 16:47:50
MRPL,2026-02-02 10:34:00,169.98,170.32,169.96,170.11,30861,DHAN_HISTORY,2026-03-15 16:47:50
MRPL,2026-02-02 10:35:00,170.07,170.1,169.74,169.86,32883,DHAN_HISTORY,2026-03-15 16:47:50
MRPL,2026-02-02 10:36:00,169.86,170.1,169.86,169.93,14357,DHAN_HISTORY,2026-03-15 16:47:50
MRPL,2026-02-02 10:37:00,169.92,169.98,169.8,169.93,20319,DHAN_HISTORY,2026-03-15 16:47:50
MRPL,2026-02-02 10:38:00,169.71,169.81,169.66,169.8,13991,DHAN_HISTORY,2026-03-15 16:47:50
MRPL,2026-02-02 10:39:00,169.8,169.99,169.77,169.91,12827,DHAN_HISTORY,2026-03-15 16:47:50
MRPL,2026-02-02 10:40:00,169.91,170.36,169.87,170.3,30194,DHAN_HISTORY,2026-03-15 16:47:50
MRPL,2026-02-02 10:41:00,170.3,171.39,170.23,171.27,230864,DHAN_HISTORY,2026-03-15 16:47:50
MRPL,2026-02-02 10:42:00,171.19,171.19,170.83,170.83,63393,DHAN_HISTORY,2026-03-15 16:47:50
MRPL,2026-02-02 10:43:00,170.85,170.97,170.59,170.7,30481,DHAN_HISTORY,2026-03-15 16:47:50
MRPL,2026-02-02 10:44:00,170.7,170.7,170.21,170.4,27002,DHAN_HISTORY,2026-03-15 16:47:50
MRPL,2026-02-02 10:45:00,170.47,170.51,170.33,170.5,25227,DHAN_HISTORY,2026-03-15 16:47:50
MRPL,2026-02-02 10:46:00,170.5,170.55,170.28,170.36,59389,DHAN_HISTORY,2026-03-15 16:47:50
MRPL,2026-02-02 10:47:00,170.45,170.5,170.25,170.34,13413,DHAN_HISTORY,2026-03-15 16:47:50
MRPL,2026-02-02 10:48:00,170.4,170.46,170.29,170.43,18256,DHAN_HISTORY,2026-03-15 16:47:50
MRPL,2026-02-02 10:49:00,170.44,170.64,170.36,170.5,22570,DHAN_HISTORY,2026-03-15 16:47:50
MRPL,2026-02-02 10:50:00,170.5,170.8,170.37,170.8,24181,DHAN_HISTORY,2026-03-15 16:47:50
MRPL,2026-02-02 10:51:00,170.8,170.9,170.6,170.65,43631,DHAN_HISTORY,2026-03-15 16:47:50
MRPL,2026-02-02 10:52:00,170.65,170.85,170.5,170.79,25899,DHAN_HISTORY,2026-03-15 16:47:50
MRPL,2026-02-02 10:53:00,170.8,170.85,170.67,170.81,18825,DHAN_HISTORY,2026-03-15 16:47:50
MRPL,2026-02-02 10:54:00,170.7,170.84,170.68,170.79,19146,DHAN_HISTORY,2026-03-15 16:47:50
MRPL,2026-02-02 10:55:00,170.79,170.83,170.6,170.62,21030,DHAN_HISTORY,2026-03-15 16:47:50
MRPL,2026-02-02 10:56:00,170.73,170.73,170.32,170.32,60012,DHAN_HISTORY,2026-03-15 16:47:50
MRPL,2026-02-02 10:57:00,170.39,170.4,169.55,169.7,104465,DHAN_HISTORY,2026-03-15 16:47:50
MRPL,2026-02-02 10:58:00,169.7,170.0,169.65,169.77,50506,DHAN_HISTORY,2026-03-15 16:47:50
MRPL,2026-02-02 10:59:00,169.66,169.9,169.66,169.89,17057,DHAN_HISTORY,2026-03-15 16:47:50
MRPL,2026-02-02 11:00:00,169.73,169.84,169.38,169.51,103473,DHAN_HISTORY,2026-03-15 16:47:50
MRPL,2026-02-02 11:01:00,169.59,169.59,169.3,169.32,55274,DHAN_HISTORY,2026-03-15 16:47:50
MRPL,2026-02-02 11:02:00,169.39,169.55,169.2,169.49,75119,DHAN_HISTORY,2026-03-15 16:47:50
MRPL,2026-02-02 11:03:00,169.49,169.5,169.3,169.44,16762,DHAN_HISTORY,2026-03-15 16:47:50
MRPL,2026-02-02 11:04:00,169.5,169.5,169.19,169.2,36111,DHAN_HISTORY,2026-03-15 16:47:50
MRPL,2026-02-02 11:05:00,169.28,169.33,169.15,169.19,20199,DHAN_HISTORY,2026-03-15 16:47:50
MRPL,2026-02-02 11:06:00,169.2,169.39,169.03,169.36,82166,DHAN_HISTORY,2026-03-15 16:47:50
MRPL,2026-02-02 11:07:00,169.24,169.29,168.33,168.63,152451,DHAN_HISTORY,2026-03-15 16:47:50
MRPL,2026-02-02 11:08:00,168.7,169.0,168.5,168.62,52027,DHAN_HISTORY,2026-03-15 16:47:50
MRPL,2026-02-02 11:09:00,168.6,168.97,168.28,168.89,77746,DHAN_HISTORY,2026-03-15 16:47:50
MRPL,2026-02-02 11:10:00,168.98,169.44,168.98,169.37,60290,DHAN_HISTORY,2026-03-15 16:47:50
MRPL,2026-02-02 11:11:00,169.4,169.4,169.12,169.18,43642,DHAN_HISTORY,2026-03-15 16:47:50
MRPL,2026-02-02 11:12:00,169.29,169.3,169.1,169.28,16323,DHAN_HISTORY,2026-03-15 16:47:50
MRPL,2026-02-02 11:13:00,169.2,169.4,169.12,169.33,70122,DHAN_HISTORY,2026-03-15 16:47:50
MRPL,2026-02-02 11:14:00,169.33,169.65,169.33,169.59,43423,DHAN_HISTORY,2026-03-15 16:47:50
MRPL,2026-02-02 11:15:00,169.47,169.61,169.41,169.57,16482,DHAN_HISTORY,2026-03-15 16:47:50
MRPL,2026-02-02 11:16:00,169.59,169.9,169.53,169.8,39340,DHAN_HISTORY,2026-03-15 16:47:50
MRPL,2026-02-02 11:17:00,169.9,169.9,169.62,169.8,20003,DHAN_HISTORY,2026-03-15 16:47:50
MRPL,2026-02-02 11:18:00,169.82,169.9,169.51,169.58,13234,DHAN_HISTORY,2026-03-15 16:47:50
MRPL,2026-02-02 11:19:00,169.55,169.74,169.55,169.6,6613,DHAN_HISTORY,2026-03-15 16:47:50
MRPL,2026-02-02 11:20:00,169.65,169.82,169.65,169.8,22710,DHAN_HISTORY,2026-03-15 16:47:50
MRPL,2026-02-02 11:21:00,169.8,169.8,169.61,169.61,13959,DHAN_HISTORY,2026-03-15 16:47:50
MRPL,2026-02-02 11:22:00,169.71,169.71,169.05,169.05,20201,DHAN_HISTORY,2026-03-15 16:47:50
MRPL,2026-02-02 11:23:00,169.0,169.11,168.89,169.09,42697,DHAN_HISTORY,2026-03-15 16:47:50
MRPL,2026-02-02 11:24:00,168.98,169.2,168.86,168.97,32540,DHAN_HISTORY,2026-03-15 16:47:50
MRPL,2026-02-02 11:25:00,168.99,169.04,168.7,169.0,43086,DHAN_HISTORY,2026-03-15 16:47:50
MRPL,2026-02-02 11:26:00,169.0,169.31,168.92,169.2,18954,DHAN_HISTORY,2026-03-15 16:47:50
MRPL,2026-02-02 11:27:00,169.21,169.29,169.01,169.13,13394,DHAN_HISTORY,2026-03-15 16:47:50
MRPL,2026-02-02 11:28:00,169.11,169.3,169.11,169.24,6648,DHAN_HISTORY,2026-03-15 16:47:50
MRPL,2026-02-02 11:29:00,169.23,169.49,169.23,169.43,7530,DHAN_HISTORY,2026-03-15 16:47:50
MRPL,2026-02-02 11:30:00,169.43,169.77,169.43,169.7,26111,DHAN_HISTORY,2026-03-15 16:47:50
MRPL,2026-02-02 11:31:00,169.55,169.77,169.38,169.65,40429,DHAN_HISTORY,2026-03-15 16:47:50
MRPL,2026-02-02 11:32:00,169.5,170.21,169.5,170.2,83138,DHAN_HISTORY,2026-03-15 16:47:50
MRPL,2026-02-02 11:33:00,170.25,170.36,169.72,169.87,139491,DHAN_HISTORY,2026-03-15 16:47:50
MRPL,2026-02-02 11:34:00,170.0,170.47,169.88,170.4,63920,DHAN_HISTORY,2026-03-15 16:47:50
MRPL,2026-02-02 11:35:00,170.78,170.8,170.26,170.38,107043,DHAN_HISTORY,2026-03-15 16:47:50
MRPL,2026-02-02 11:36:00,170.3,170.38,169.94,170.0,36236,DHAN_HISTORY,2026-03-15 16:47:50
MRPL,2026-02-02 11:37:00,170.02,170.02,169.85,169.9,15146,DHAN_HISTORY,2026-03-15 16:47:50
MRPL,2026-02-02 11:38:00,170.0,170.0,169.55,169.92,37472,DHAN_HISTORY,2026-03-15 16:47:50
MRPL,2026-02-02 11:39:00,169.81,170.19,169.72,170.19,22224,DHAN_HISTORY,2026-03-15 16:47:50
MRPL,2026-02-02 11:40:00,170.14,170.14,169.71,169.99,23164,DHAN_HISTORY,2026-03-15 16:47:50
MRPL,2026-02-02 11:41:00,170.04,170.1,169.84,169.84,19407,DHAN_HISTORY,2026-03-15 16:47:50
MRPL,2026-02-02 11:42:00,169.97,170.0,169.8,169.95,16020,DHAN_HISTORY,2026-03-15 16:47:50
MRPL,2026-02-02 11:43:00,170.0,170.0,169.76,169.87,23355,DHAN_HISTORY,2026-03-15 16:47:50
MRPL,2026-02-02 11:44:00,169.87,169.98,169.8,169.96,11592,DHAN_HISTORY,2026-03-15 16:47:50
MRPL,2026-02-02 11:45:00,169.96,170.1,169.9,170.1,11322,DHAN_HISTORY,2026-03-15 16:47:50
MRPL,2026-02-02 11:46:00,170.1,170.4,170.08,170.21,35885,DHAN_HISTORY,2026-03-15 16:47:50
MRPL,2026-02-02 11:47:00,170.08,170.29,169.9,169.9,23288,DHAN_HISTORY,2026-03-15 16:47:50
MRPL,2026-02-02 11:48:00,169.9,170.0,169.9,170.0,5715,DHAN_HISTORY,2026-03-15 16:47:50
MRPL,2026-02-02 11:49:00,169.98,170.0,169.85,170.0,8914,DHAN_HISTORY,2026-03-15 16:47:50
MRPL,2026-02-02 11:50:00,170.12,170.2,169.85,169.93,21903,DHAN_HISTORY,2026-03-15 16:47:50
MRPL,2026-02-02 11:51:00,170.02,170.2,169.9,170.18,12924,DHAN_HISTORY,2026-03-15 16:47:50
MRPL,2026-02-02 11:52:00,170.1,170.2,169.95,170.07,7587,DHAN_HISTORY,2026-03-15 16:47:50
MRPL,2026-02-02 11:53:00,170.04,170.05,169.91,169.94,3719,DHAN_HISTORY,2026-03-15 16:47:50
MRPL,2026-02-02 11:54:00,170.0,170.04,169.1,169.25,72100,DHAN_HISTORY,2026-03-15 16:47:50
MRPL,2026-02-02 11:55:00,169.36,169.52,169.26,169.47,69963,DHAN_HISTORY,2026-03-15 16:47:50
MRPL,2026-02-02 11:56:00,169.49,169.93,169.38,169.9,14650,DHAN_HISTORY,2026-03-15 16:47:50
MRPL,2026-02-02 11:57:00,169.9,169.9,169.69,169.72,13614,DHAN_HISTORY,2026-03-15 16:47:50
MRPL,2026-02-02 11:58:00,169.75,169.89,169.55,169.63,14845,DHAN_HISTORY,2026-03-15 16:47:50
MRPL,2026-02-02 11:59:00,169.63,169.8,169.57,169.74,16623,DHAN_HISTORY,2026-03-15 16:47:50
MRPL,2026-02-02 12:00:00,169.93,169.95,169.7,169.8,10270,DHAN_HISTORY,2026-03-15 16:47:50
MRPL,2026-02-02 12:01:00,169.93,170.1,169.92,169.97,11523,DHAN_HISTORY,2026-03-15 16:47:50
MRPL,2026-02-02 12:02:00,169.97,169.97,169.41,169.49,24898,DHAN_HISTORY,2026-03-15 16:47:50
MRPL,2026-02-02 12:03:00,169.56,169.77,169.56,169.74,5397,DHAN_HISTORY,2026-03-15 16:47:50
MRPL,2026-02-02 12:04:00,169.74,169.74,169.55,169.59,5266,DHAN_HISTORY,2026-03-15 16:47:50
MRPL,2026-02-02 12:05:00,169.64,169.9,169.61,169.68,8529,DHAN_HISTORY,2026-03-15 16:47:50
MRPL,2026-02-02 12:06:00,169.68,169.7,168.82,168.97,116851,DHAN_HISTORY,2026-03-15 16:47:50
MRPL,2026-02-02 12:07:00,168.97,169.21,168.82,169.09,38157,DHAN_HISTORY,2026-03-15 16:47:50
MRPL,2026-02-02 12:08:00,169.09,169.1,168.7,168.7,28529,DHAN_HISTORY,2026-03-15 16:47:50
MRPL,2026-02-02 12:09:00,168.7,169.08,168.7,169.0,29069,DHAN_HISTORY,2026-03-15 16:47:50
MRPL,2026-02-02 12:10:00,169.0,169.1,168.98,169.09,18352,DHAN_HISTORY,2026-03-15 16:47:50
MRPL,2026-02-02 12:11:00,169.09,169.19,168.85,168.85,25792,DHAN_HISTORY,2026-03-15 16:47:50
MRPL,2026-02-02 12:12:00,168.93,169.2,168.93,169.11,11873,DHAN_HISTORY,2026-03-15 16:47:50
MRPL,2026-02-02 12:13:00,169.11,169.2,169.02,169.2,3832,DHAN_HISTORY,2026-03-15 16:47:50
MRPL,2026-02-02 12:14:00,169.13,169.7,169.13,169.61,50164,DHAN_HISTORY,2026-03-15 16:47:50
MRPL,2026-02-02 12:15:00,169.61,169.61,169.34,169.35,18763,DHAN_HISTORY,2026-03-15 16:47:50
MRPL,2026-02-02 12:16:00,169.54,169.7,169.41,169.65,13228,DHAN_HISTORY,2026-03-15 16:47:50
MRPL,2026-02-02 12:17:00,169.65,169.99,169.65,169.92,20330,DHAN_HISTORY,2026-03-15 16:47:50
MRPL,2026-02-02 12:18:00,169.95,170.08,169.71,169.78,18026,DHAN_HISTORY,2026-03-15 16:47:50
MRPL,2026-02-02 12:19:00,169.71,169.85,169.52,169.61,21374,DHAN_HISTORY,2026-03-15 16:47:50
MRPL,2026-02-02 12:20:00,169.61,169.66,169.43,169.64,22525,DHAN_HISTORY,2026-03-15 16:47:50
MRPL,2026-02-02 12:21:00,169.64,169.8,169.5,169.5,9632,DHAN_HISTORY,2026-03-15 16:47:50
MRPL,2026-02-02 12:22:00,169.51,169.7,169.51,169.6,6822,DHAN_HISTORY,2026-03-15 16:47:50
MRPL,2026-02-02 12:23:00,169.6,169.7,169.6,169.7,3347,DHAN_HISTORY,2026-03-15 16:47:50
MRPL,2026-02-02 12:24:00,169.7,169.82,169.65,169.77,8693,DHAN_HISTORY,2026-03-15 16:47:50
MRPL,2026-02-02 12:25:00,169.67,169.7,169.25,169.25,30642,DHAN_HISTORY,2026-03-15 16:47:50
MRPL,2026-02-02 12:26:00,169.35,169.56,169.24,169.5,8283,DHAN_HISTORY,2026-03-15 16:47:50
MRPL,2026-02-02 12:27:00,169.49,169.75,169.32,169.59,24343,DHAN_HISTORY,2026-03-15 16:47:50
MRPL,2026-02-02 12:28:00,169.72,169.72,169.5,169.53,6279,DHAN_HISTORY,2026-03-15 16:47:50
MRPL,2026-02-02 12:29:00,169.61,169.61,169.3,169.39,8999,DHAN_HISTORY,2026-03-15 16:47:50
MRPL,2026-02-02 12:30:00,169.24,169.47,169.23,169.31,9608,DHAN_HISTORY,2026-03-15 16:47:50
MRPL,2026-02-02 12:31:00,169.31,169.47,169.29,169.47,46296,DHAN_HISTORY,2026-03-15 16:47:50
MRPL,2026-02-02 12:32:00,169.44,169.6,169.35,169.46,9853,DHAN_HISTORY,2026-03-15 16:47:50
MRPL,2026-02-02 12:33:00,169.65,169.8,169.54,169.58,14731,DHAN_HISTORY,2026-03-15 16:47:50
MRPL,2026-02-02 12:34:00,169.57,169.6,169.5,169.5,6204,DHAN_HISTORY,2026-03-15 16:47:50
MRPL,2026-02-02 12:35:00,169.52,169.59,169.45,169.58,5596,DHAN_HISTORY,2026-03-15 16:47:50
MRPL,2026-02-02 12:36:00,169.47,169.58,169.44,169.58,11670,DHAN_HISTORY,2026-03-15 16:47:50
MRPL,2026-02-02 12:37:00,169.58,170.0,169.58,169.89,41531,DHAN_HISTORY,2026-03-15 16:47:50
MRPL,2026-02-02 12:38:00,169.81,169.92,169.65,169.77,20599,DHAN_HISTORY,2026-03-15 16:47:50
MRPL,2026-02-02 12:39:00,169.84,170.0,169.81,170.0,17676,DHAN_HISTORY,2026-03-15 16:47:50
MRPL,2026-02-02 12:40:00,169.89,170.81,169.89,170.5,122014,DHAN_HISTORY,2026-03-15 16:47:50
MRPL,2026-02-02 12:41:00,170.37,170.86,170.35,170.85,98659,DHAN_HISTORY,2026-03-15 16:47:50
MRPL,2026-02-02 12:42:00,170.86,171.14,170.73,170.85,134409,DHAN_HISTORY,2026-03-15 16:47:50
MRPL,2026-02-02 12:43:00,170.85,170.85,170.53,170.6,30573,DHAN_HISTORY,2026-03-15 16:47:50
MRPL,2026-02-02 12:44:00,170.67,170.67,170.24,170.24,25069,DHAN_HISTORY,2026-03-15 16:47:50
MRPL,2026-02-02 12:45:00,170.21,170.6,170.21,170.39,59125,DHAN_HISTORY,2026-03-15 16:47:50
MRPL,2026-02-02 12:46:00,170.39,170.5,170.27,170.49,14537,DHAN_HISTORY,2026-03-15 16:47:50
MRPL,2026-02-02 12:47:00,170.5,170.66,170.41,170.6,20066,DHAN_HISTORY,2026-03-15 16:47:50
MRPL,2026-02-02 12:48:00,170.6,170.87,170.54,170.6,17397,DHAN_HISTORY,2026-03-15 16:47:50
MRPL,2026-02-02 12:49:00,170.55,170.83,170.55,170.8,21930,DHAN_HISTORY,2026-03-15 16:47:50
MRPL,2026-02-02 12:50:00,170.8,170.95,170.5,170.6,60455,DHAN_HISTORY,2026-03-15 16:47:50
MRPL,2026-02-02 12:51:00,170.6,170.8,170.45,170.48,48426,DHAN_HISTORY,2026-03-15 16:47:50
MRPL,2026-02-02 12:52:00,170.67,170.76,170.41,170.46,20031,DHAN_HISTORY,2026-03-15 16:47:50
MRPL,2026-02-02 12:53:00,170.42,170.56,170.33,170.36,35845,DHAN_HISTORY,2026-03-15 16:47:50
MRPL,2026-02-02 12:54:00,170.3,170.5,170.1,170.47,18045,DHAN_HISTORY,2026-03-15 16:47:50
MRPL,2026-02-02 12:55:00,170.5,170.66,170.43,170.55,13841,DHAN_HISTORY,2026-03-15 16:47:50
MRPL,2026-02-02 12:56:00,170.55,170.6,170.4,170.55,20275,DHAN_HISTORY,2026-03-15 16:47:50
MRPL,2026-02-02 12:57:00,170.56,170.65,170.32,170.47,10212,DHAN_HISTORY,2026-03-15 16:47:50
MRPL,2026-02-02 12:58:00,170.47,170.57,170.25,170.37,24703,DHAN_HISTORY,2026-03-15 16:47:50
MRPL,2026-02-02 12:59:00,170.34,170.58,170.34,170.43,8488,DHAN_HISTORY,2026-03-15 16:47:50
MRPL,2026-02-02 13:00:00,170.56,170.8,170.46,170.8,18212,DHAN_HISTORY,2026-03-15 16:47:50
MRPL,2026-02-02 13:01:00,170.69,170.74,170.36,170.36,22141,DHAN_HISTORY,2026-03-15 16:47:50
MRPL,2026-02-02 13:02:00,170.45,170.47,170.31,170.34,14994,DHAN_HISTORY,2026-03-15 16:47:50
MRPL,2026-02-02 13:03:00,170.42,170.75,170.42,170.68,27288,DHAN_HISTORY,2026-03-15 16:47:50
MRPL,2026-02-02 13:04:00,170.7,170.71,170.58,170.71,4916,DHAN_HISTORY,2026-03-15 16:47:50
MRPL,2026-02-02 13:05:00,170.72,170.9,170.61,170.9,41518,DHAN_HISTORY,2026-03-15 16:47:50
MRPL,2026-02-02 13:06:00,170.86,170.88,170.65,170.77,8720,DHAN_HISTORY,2026-03-15 16:47:50
MRPL,2026-02-02 13:07:00,170.65,170.67,170.44,170.55,13661,DHAN_HISTORY,2026-03-15 16:47:50
MRPL,2026-02-02 13:08:00,170.55,170.68,170.41,170.56,10017,DHAN_HISTORY,2026-03-15 16:47:50
MRPL,2026-02-02 13:09:00,170.5,170.8,170.5,170.8,31356,DHAN_HISTORY,2026-03-15 16:47:50
MRPL,2026-02-02 13:10:00,170.8,170.85,170.57,170.73,10387,DHAN_HISTORY,2026-03-15 16:47:50
MRPL,2026-02-02 13:11:00,170.8,170.9,170.73,170.86,32377,DHAN_HISTORY,2026-03-15 16:47:50
MRPL,2026-02-02 13:12:00,170.9,170.96,170.75,170.9,35017,DHAN_HISTORY,2026-03-15 16:47:50
MRPL,2026-02-02 13:13:00,170.89,171.28,170.8,170.91,159327,DHAN_HISTORY,2026-03-15 16:47:50
MRPL,2026-02-02 13:14:00,171.07,171.25,170.88,171.24,46820,DHAN_HISTORY,2026-03-15 16:47:50
MRPL,2026-02-02 13:15:00,171.26,171.41,170.85,170.85,112347,DHAN_HISTORY,2026-03-15 16:47:50
MRPL,2026-02-02 13:16:00,170.93,170.93,170.47,170.62,78796,DHAN_HISTORY,2026-03-15 16:47:50
MRPL,2026-02-02 13:17:00,170.63,170.99,170.62,170.9,29813,DHAN_HISTORY,2026-03-15 16:47:50
MRPL,2026-02-02 13:18:00,170.91,171.0,170.75,170.84,15976,DHAN_HISTORY,2026-03-15 16:47:50
MRPL,2026-02-02 13:19:00,170.77,170.9,170.71,170.77,26862,DHAN_HISTORY,2026-03-15 16:47:50
MRPL,2026-02-02 13:20:00,170.89,170.89,170.56,170.72,25602,DHAN_HISTORY,2026-03-15 16:47:50
MRPL,2026-02-02 13:21:00,170.81,170.81,170.52,170.6,7201,DHAN_HISTORY,2026-03-15 16:47:50
MRPL,2026-02-02 13:22:00,170.45,170.52,170.2,170.26,40319,DHAN_HISTORY,2026-03-15 16:47:50
MRPL,2026-02-02 13:23:00,170.35,170.58,170.16,170.49,22862,DHAN_HISTORY,2026-03-15 16:47:50
MRPL,2026-02-02 13:24:00,170.57,170.78,170.53,170.75,7749,DHAN_HISTORY,2026-03-15 16:47:50
MRPL,2026-02-02 13:25:00,170.65,170.74,170.5,170.51,7375,DHAN_HISTORY,2026-03-15 16:47:50
MRPL,2026-02-02 13:26:00,170.6,170.96,170.51,170.71,22863,DHAN_HISTORY,2026-03-15 16:47:50
MRPL,2026-02-02 13:27:00,170.71,170.9,170.56,170.85,6350,DHAN_HISTORY,2026-03-15 16:47:50
MRPL,2026-02-02 13:28:00,170.9,171.29,170.85,171.26,73366,DHAN_HISTORY,2026-03-15 16:47:50
MRPL,2026-02-02 13:29:00,171.03,171.16,170.82,170.89,22743,DHAN_HISTORY,2026-03-15 16:47:50
MRPL,2026-02-02 13:30:00,170.89,170.99,170.75,170.82,13452,DHAN_HISTORY,2026-03-15 16:47:50
MRPL,2026-02-02 13:31:00,170.66,170.8,170.52,170.8,17175,DHAN_HISTORY,2026-03-15 16:47:50
MRPL,2026-02-02 13:32:00,170.8,171.0,170.6,170.87,31239,DHAN_HISTORY,2026-03-15 16:47:50
MRPL,2026-02-02 13:33:00,170.97,170.97,170.87,170.97,3328,DHAN_HISTORY,2026-03-15 16:47:50
MRPL,2026-02-02 13:34:00,170.9,171.16,170.89,170.94,26527,DHAN_HISTORY,2026-03-15 16:47:50
MRPL,2026-02-02 13:35:00,171.06,171.09,170.89,171.09,10457,DHAN_HISTORY,2026-03-15 16:47:50
MRPL,2026-02-02 13:36:00,171.0,171.2,170.91,171.01,40761,DHAN_HISTORY,2026-03-15 16:47:50
MRPL,2026-02-02 13:37:00,171.44,171.93,171.25,171.54,214560,DHAN_HISTORY,2026-03-15 16:47:50
MRPL,2026-02-02 13:38:00,171.6,171.6,171.39,171.43,27549,DHAN_HISTORY,2026-03-15 16:47:50
MRPL,2026-02-02 13:39:00,171.44,171.8,171.39,171.75,69606,DHAN_HISTORY,2026-03-15 16:47:50
MRPL,2026-02-02 13:40:00,171.76,172.0,171.66,171.9,63573,DHAN_HISTORY,2026-03-15 16:47:50
MRPL,2026-02-02 13:41:00,171.98,172.32,171.87,172.19,134707,DHAN_HISTORY,2026-03-15 16:47:50
MRPL,2026-02-02 13:42:00,172.1,172.2,171.92,172.0,49664,DHAN_HISTORY,2026-03-15 16:47:50
MRPL,2026-02-02 13:43:00,172.15,172.2,171.9,172.0,77151,DHAN_HISTORY,2026-03-15 16:47:50
MRPL,2026-02-02 13:44:00,172.0,172.18,171.92,172.07,50745,DHAN_HISTORY,2026-03-15 16:47:50
MRPL,2026-02-02 13:45:00,172.15,172.2,171.87,171.9,77122,DHAN_HISTORY,2026-03-15 16:47:50
MRPL,2026-02-02 13:46:00,171.9,172.0,171.65,171.7,27864,DHAN_HISTORY,2026-03-15 16:47:50
MRPL,2026-02-02 13:47:00,171.85,171.89,171.66,171.7,24993,DHAN_HISTORY,2026-03-15 16:47:50
MRPL,2026-02-02 13:48:00,171.67,171.8,171.6,171.6,22610,DHAN_HISTORY,2026-03-15 16:47:50
MRPL,2026-02-02 13:49:00,171.54,171.75,171.5,171.7,44217,DHAN_HISTORY,2026-03-15 16:47:50
MRPL,2026-02-02 13:50:00,171.7,171.7,171.5,171.52,18776,DHAN_HISTORY,2026-03-15 16:47:50
MRPL,2026-02-02 13:51:00,171.56,171.99,171.56,171.93,19896,DHAN_HISTORY,2026-03-15 16:47:50
MRPL,2026-02-02 13:52:00,171.99,172.2,171.93,172.08,47245,DHAN_HISTORY,2026-03-15 16:47:50
MRPL,2026-02-02 13:53:00,172.08,172.15,171.89,171.91,27496,DHAN_HISTORY,2026-03-15 16:47:50
MRPL,2026-02-02 13:54:00,171.99,172.84,171.99,172.7,128365,DHAN_HISTORY,2026-03-15 16:47:50
MRPL,2026-02-02 13:55:00,172.72,172.73,172.52,172.55,47608,DHAN_HISTORY,2026-03-15 16:47:50
MRPL,2026-02-02 13:56:00,172.58,172.7,172.2,172.35,43303,DHAN_HISTORY,2026-03-15 16:47:50
MRPL,2026-02-02 13:57:00,172.4,172.69,172.35,172.65,34033,DHAN_HISTORY,2026-03-15 16:47:50
MRPL,2026-02-02 13:58:00,172.59,172.75,172.59,172.7,43487,DHAN_HISTORY,2026-03-15 16:47:50
MRPL,2026-02-02 13:59:00,172.7,172.7,172.57,172.65,44017,DHAN_HISTORY,2026-03-15 16:47:50
MRPL,2026-02-02 14:00:00,172.65,172.8,172.3,172.56,60781,DHAN_HISTORY,2026-03-15 16:47:50
MRPL,2026-02-02 14:01:00,172.68,172.99,172.5,172.87,101284,DHAN_HISTORY,2026-03-15 16:47:50
MRPL,2026-02-02 14:02:00,173.0,173.35,172.88,173.0,192290,DHAN_HISTORY,2026-03-15 16:47:50
MRPL,2026-02-02 14:03:00,172.88,173.25,172.83,172.97,74841,DHAN_HISTORY,2026-03-15 16:47:50
MRPL,2026-02-02 14:04:00,173.0,173.25,173.0,173.16,63864,DHAN_HISTORY,2026-03-15 16:47:50
MRPL,2026-02-02 14:05:00,173.2,173.3,173.0,173.15,67443,DHAN_HISTORY,2026-03-15 16:47:50
MRPL,2026-02-02 14:06:00,173.05,173.48,173.05,173.48,54258,DHAN_HISTORY,2026-03-15 16:47:50
MRPL,2026-02-02 14:07:00,173.49,173.7,173.21,173.45,186010,DHAN_HISTORY,2026-03-15 16:47:50
MRPL,2026-02-02 14:08:00,173.4,173.4,173.21,173.3,48478,DHAN_HISTORY,2026-03-15 16:47:50
MRPL,2026-02-02 14:09:00,173.3,173.3,173.05,173.14,53090,DHAN_HISTORY,2026-03-15 16:47:50
MRPL,2026-02-02 14:10:00,173.12,173.13,172.21,172.35,259537,DHAN_HISTORY,2026-03-15 16:47:50
MRPL,2026-02-02 14:11:00,172.46,172.72,172.35,172.67,70956,DHAN_HISTORY,2026-03-15 16:47:50
MRPL,2026-02-02 14:12:00,172.68,172.7,172.51,172.56,22684,DHAN_HISTORY,2026-03-15 16:47:50
MRPL,2026-02-02 14:13:00,172.63,172.69,172.52,172.69,26909,DHAN_HISTORY,2026-03-15 16:47:50
MRPL,2026-02-02 14:14:00,172.7,172.7,172.52,172.69,33390,DHAN_HISTORY,2026-03-15 16:47:50
MRPL,2026-02-02 14:15:00,172.7,172.75,172.31,172.48,91894,DHAN_HISTORY,2026-03-15 16:47:50
MRPL,2026-02-02 14:16:00,172.36,172.48,172.17,172.29,61907,DHAN_HISTORY,2026-03-15 16:47:50
MRPL,2026-02-02 14:17:00,172.15,172.23,171.83,171.91,147331,DHAN_HISTORY,2026-03-15 16:47:50
MRPL,2026-02-02 14:18:00,171.87,172.12,171.82,172.1,50791,DHAN_HISTORY,2026-03-15 16:47:50
MRPL,2026-02-02 14:19:00,171.85,172.01,171.85,172.0,30382,DHAN_HISTORY,2026-03-15 16:47:50
MRPL,2026-02-02 14:20:00,172.08,172.48,172.07,172.44,39628,DHAN_HISTORY,2026-03-15 16:47:50
MRPL,2026-02-02 14:21:00,172.35,172.69,172.35,172.64,51238,DHAN_HISTORY,2026-03-15 16:47:50
MRPL,2026-02-02 14:22:00,172.54,172.7,172.48,172.7,27032,DHAN_HISTORY,2026-03-15 16:47:50
MRPL,2026-02-02 14:23:00,172.65,172.7,172.5,172.5,24925,DHAN_HISTORY,2026-03-15 16:47:50
MRPL,2026-02-02 14:24:00,172.64,172.85,172.54,172.69,36789,DHAN_HISTORY,2026-03-15 16:47:50
MRPL,2026-02-02 14:25:00,172.89,172.96,172.55,172.61,42490,DHAN_HISTORY,2026-03-15 16:47:50
MRPL,2026-02-02 14:26:00,172.7,172.94,172.7,172.8,40524,DHAN_HISTORY,2026-03-15 16:47:50
MRPL,2026-02-02 14:27:00,172.81,173.18,172.81,173.0,84339,DHAN_HISTORY,2026-03-15 16:47:50
MRPL,2026-02-02 14:28:00,173.0,173.47,173.0,173.4,74101,DHAN_HISTORY,2026-03-15 16:47:50
MRPL,2026-02-02 14:29:00,173.47,174.3,173.44,173.98,289257,DHAN_HISTORY,2026-03-15 16:47:50
MRPL,2026-02-02 14:30:00,173.91,174.65,173.9,174.39,236468,DHAN_HISTORY,2026-03-15 16:47:50
MRPL,2026-02-02 14:31:00,174.41,174.54,174.0,174.1,155665,DHAN_HISTORY,2026-03-15 16:47:50
MRPL,2026-02-02 14:32:00,174.0,174.35,174.0,174.25,109850,DHAN_HISTORY,2026-03-15 16:47:50
MRPL,2026-02-02 14:33:00,174.33,174.5,174.01,174.18,95283,DHAN_HISTORY,2026-03-15 16:47:50
MRPL,2026-02-02 14:34:00,174.16,174.9,174.16,174.8,160131,DHAN_HISTORY,2026-03-15 16:47:50
MRPL,2026-02-02 14:35:00,174.8,175.5,174.51,174.74,335613,DHAN_HISTORY,2026-03-15 16:47:50
MRPL,2026-02-02 14:36:00,174.75,174.9,174.22,174.34,172889,DHAN_HISTORY,2026-03-15 16:47:50
MRPL,2026-02-02 14:37:00,174.35,174.51,173.8,173.89,171313,DHAN_HISTORY,2026-03-15 16:47:50
MRPL,2026-02-02 14:38:00,174.19,174.4,174.12,174.36,70709,DHAN_HISTORY,2026-03-15 16:47:50
MRPL,2026-02-02 14:39:00,174.4,174.81,174.32,174.38,83243,DHAN_HISTORY,2026-03-15 16:47:50
MRPL,2026-02-02 14:40:00,174.45,174.7,174.35,174.5,50257,DHAN_HISTORY,2026-03-15 16:47:50
MRPL,2026-02-02 14:41:00,174.5,174.69,174.03,174.03,70371,DHAN_HISTORY,2026-03-15 16:47:50
MRPL,2026-02-02 14:42:00,174.21,174.6,174.21,174.32,68043,DHAN_HISTORY,2026-03-15 16:47:50
MRPL,2026-02-02 14:43:00,174.66,174.8,174.46,174.75,77834,DHAN_HISTORY,2026-03-15 16:47:50
MRPL,2026-02-02 14:44:00,174.75,175.7,174.75,175.53,276944,DHAN_HISTORY,2026-03-15 16:47:50
MRPL,2026-02-02 14:45:00,175.56,175.83,175.38,175.67,220484,DHAN_HISTORY,2026-03-15 16:47:50
MRPL,2026-02-02 14:46:00,175.77,176.5,175.5,176.15,441162,DHAN_HISTORY,2026-03-15 16:47:50
MRPL,2026-02-02 14:47:00,176.2,176.99,175.85,176.75,420058,DHAN_HISTORY,2026-03-15 16:47:50
MRPL,2026-02-02 14:48:00,176.78,176.78,176.23,176.58,213035,DHAN_HISTORY,2026-03-15 16:47:50
MRPL,2026-02-02 14:49:00,176.58,176.58,176.08,176.19,184875,DHAN_HISTORY,2026-03-15 16:47:50
MRPL,2026-02-02 14:50:00,176.29,176.29,175.81,175.95,254196,DHAN_HISTORY,2026-03-15 16:47:50
MRPL,2026-02-02 14:51:00,175.95,176.45,175.7,176.07,178828,DHAN_HISTORY,2026-03-15 16:47:50
MRPL,2026-02-02 14:52:00,176.21,176.5,176.2,176.31,188864,DHAN_HISTORY,2026-03-15 16:47:50
MRPL,2026-02-02 14:53:00,176.31,176.37,175.81,176.0,144054,DHAN_HISTORY,2026-03-15 16:47:50
MRPL,2026-02-02 14:54:00,175.89,176.07,175.8,176.07,67055,DHAN_HISTORY,2026-03-15 16:47:50
MRPL,2026-02-02 14:55:00,176.01,176.3,175.9,176.23,55616,DHAN_HISTORY,2026-03-15 16:47:50
MRPL,2026-02-02 14:56:00,176.23,176.77,176.05,176.61,221467,DHAN_HISTORY,2026-03-15 16:47:50
MRPL,2026-02-02 14:57:00,176.61,176.9,176.26,176.37,223617,DHAN_HISTORY,2026-03-15 16:47:50
MRPL,2026-02-02 14:58:00,176.37,176.55,176.11,176.22,90033,DHAN_HISTORY,2026-03-15 16:47:50
MRPL,2026-02-02 14:59:00,176.28,176.62,176.1,176.34,118346,DHAN_HISTORY,2026-03-15 16:47:50
MRPL,2026-02-02 15:00:00,176.37,176.58,176.31,176.45,73066,DHAN_HISTORY,2026-03-15 16:47:50
MRPL,2026-02-02 15:01:00,176.47,176.5,175.51,175.8,325567,DHAN_HISTORY,2026-03-15 16:47:50
MRPL,2026-02-02 15:02:00,175.7,176.0,175.65,175.67,128719,DHAN_HISTORY,2026-03-15 16:47:50
MRPL,2026-02-02 15:03:00,175.67,175.97,175.25,175.43,167363,DHAN_HISTORY,2026-03-15 16:47:50
MRPL,2026-02-02 15:04:00,175.49,176.43,175.48,176.37,173974,DHAN_HISTORY,2026-03-15 16:47:50
MRPL,2026-02-02 15:05:00,176.33,176.44,175.85,175.96,77170,DHAN_HISTORY,2026-03-15 16:47:50
MRPL,2026-02-02 15:06:00,175.96,176.13,175.93,176.13,92705,DHAN_HISTORY,2026-03-15 16:47:50
MRPL,2026-02-02 15:07:00,176.12,177.4,176.12,177.09,499040,DHAN_HISTORY,2026-03-15 16:47:50
MRPL,2026-02-02 15:08:00,177.07,177.27,176.72,177.1,201426,DHAN_HISTORY,2026-03-15 16:47:50
MRPL,2026-02-02 15:09:00,177.08,177.8,176.86,177.66,308172,DHAN_HISTORY,2026-03-15 16:47:50
MRPL,2026-02-02 15:10:00,177.75,177.75,177.21,177.5,256397,DHAN_HISTORY,2026-03-15 16:47:50
MRPL,2026-02-02 15:11:00,177.55,178.16,177.52,178.0,325773,DHAN_HISTORY,2026-03-15 16:47:50
MRPL,2026-02-02 15:12:00,178.0,178.2,177.75,177.93,233222,DHAN_HISTORY,2026-03-15 16:47:50
MRPL,2026-02-02 15:13:00,177.83,178.1,177.75,178.05,199362,DHAN_HISTORY,2026-03-15 16:47:50
MRPL,2026-02-02 15:14:00,178.0,178.02,176.96,177.26,397225,DHAN_HISTORY,2026-03-15 16:47:50
MRPL,2026-02-02 15:15:00,177.2,177.5,176.7,177.2,253026,DHAN_HISTORY,2026-03-15 16:47:50
MRPL,2026-02-02 15:16:00,177.15,177.73,176.79,177.56,273646,DHAN_HISTORY,2026-03-15 16:47:50
MRPL,2026-02-02 15:17:00,177.7,177.91,177.51,177.8,137896,DHAN_HISTORY,2026-03-15 16:47:50
MRPL,2026-02-02 15:18:00,177.82,177.98,177.58,177.8,510946,DHAN_HISTORY,2026-03-15 16:47:50
MRPL,2026-02-02 15:19:00,177.75,177.95,177.5,177.55,290532,DHAN_HISTORY,2026-03-15 16:47:50
MRPL,2026-02-02 15:20:00,177.55,177.82,177.33,177.67,127896,DHAN_HISTORY,2026-03-15 16:47:50
MRPL,2026-02-02 15:21:00,177.71,178.2,177.67,178.2,167968,DHAN_HISTORY,2026-03-15 16:47:50
MRPL,2026-02-02 15:22:00,178.06,178.8,178.06,178.71,171699,DHAN_HISTORY,2026-03-15 16:47:50
MRPL,2026-02-02 15:23:00,178.75,178.8,178.43,178.57,111792,DHAN_HISTORY,2026-03-15 16:47:50
MRPL,2026-02-02 15:24:00,178.57,179.45,178.01,178.1,689968,DHAN_HISTORY,2026-03-15 16:47:50
MRPL,2026-02-02 15:25:00,178.1,178.5,177.63,177.89,276419,DHAN_HISTORY,2026-03-15 16:47:50
MRPL,2026-02-02 15:26:00,177.72,178.32,177.72,178.12,70311,DHAN_HISTORY,2026-03-15 16:47:50
MRPL,2026-02-02 15:27:00,178.12,178.21,177.86,177.9,74067,DHAN_HISTORY,2026-03-15 16:47:50
MRPL,2026-02-02 15:28:00,177.92,177.97,177.52,177.8,54202,DHAN_HISTORY,2026-03-15 16:47:50
MRPL,2026-02-02 15:29:00,177.79,177.9,177.52,177.8,96100,DHAN_HISTORY,2026-03-15 16:47:50
