symbol,timestamp,open,high,low,close,volume,source,last_updated
BHEL,2025-12-04 09:15:00,279.0,279.4,278.0,278.25,74845,DHAN_HISTORY,2026-03-15 17:26:40
BHEL,2025-12-04 09:16:00,278.3,278.3,277.5,277.65,66183,DHAN_HISTORY,2026-03-15 17:26:40
BHEL,2025-12-04 09:17:00,277.6,278.15,277.25,278.1,23785,DHAN_HISTORY,2026-03-15 17:26:40
BHEL,2025-12-04 09:18:00,278.1,278.4,277.7,277.7,25292,DHAN_HISTORY,2026-03-15 17:26:40
BHEL,2025-12-04 09:19:00,277.7,277.7,276.9,277.3,16855,DHAN_HISTORY,2026-03-15 17:26:40
BHEL,2025-12-04 09:20:00,277.3,277.3,277.05,277.3,16412,DHAN_HISTORY,2026-03-15 17:26:40
BHEL,2025-12-04 09:21:00,277.2,277.6,277.2,277.4,7740,DHAN_HISTORY,2026-03-15 17:26:40
BHEL,2025-12-04 09:22:00,277.5,277.6,277.2,277.55,11100,DHAN_HISTORY,2026-03-15 17:26:40
BHEL,2025-12-04 09:23:00,277.55,278.0,277.4,278.0,8814,DHAN_HISTORY,2026-03-15 17:26:40
BHEL,2025-12-04 09:24:00,278.0,278.4,277.9,278.2,13950,DHAN_HISTORY,2026-03-15 17:26:40
BHEL,2025-12-04 09:25:00,278.25,278.4,278.0,278.2,23606,DHAN_HISTORY,2026-03-15 17:26:40
BHEL,2025-12-04 09:26:00,278.05,278.3,278.0,278.25,9049,DHAN_HISTORY,2026-03-15 17:26:40
BHEL,2025-12-04 09:27:00,278.25,278.75,278.2,278.55,15706,DHAN_HISTORY,2026-03-15 17:26:40
BHEL,2025-12-04 09:28:00,278.5,278.7,278.2,278.45,7544,DHAN_HISTORY,2026-03-15 17:26:40
BHEL,2025-12-04 09:29:00,278.45,278.65,278.35,278.65,3808,DHAN_HISTORY,2026-03-15 17:26:40
BHEL,2025-12-04 09:30:00,278.65,278.65,278.45,278.5,11839,DHAN_HISTORY,2026-03-15 17:26:40
BHEL,2025-12-04 09:31:00,278.5,279.2,278.5,279.15,15549,DHAN_HISTORY,2026-03-15 17:26:40
BHEL,2025-12-04 09:32:00,279.15,279.2,278.6,278.7,17247,DHAN_HISTORY,2026-03-15 17:26:40
BHEL,2025-12-04 09:33:00,278.7,278.7,278.5,278.55,19335,DHAN_HISTORY,2026-03-15 17:26:40
BHEL,2025-12-04 09:34:00,278.55,278.7,278.5,278.7,8438,DHAN_HISTORY,2026-03-15 17:26:40
BHEL,2025-12-04 09:35:00,278.7,278.9,278.6,278.9,6874,DHAN_HISTORY,2026-03-15 17:26:40
BHEL,2025-12-04 09:36:00,278.9,279.15,278.75,278.9,12235,DHAN_HISTORY,2026-03-15 17:26:40
BHEL,2025-12-04 09:37:00,278.5,279.0,278.5,278.9,25571,DHAN_HISTORY,2026-03-15 17:26:40
BHEL,2025-12-04 09:38:00,278.9,278.9,278.6,278.7,7498,DHAN_HISTORY,2026-03-15 17:26:40
BHEL,2025-12-04 09:39:00,278.75,278.75,278.3,278.6,24546,DHAN_HISTORY,2026-03-15 17:26:40
BHEL,2025-12-04 09:40:00,278.6,278.6,278.3,278.3,3011,DHAN_HISTORY,2026-03-15 17:26:40
BHEL,2025-12-04 09:41:00,278.3,278.5,278.1,278.45,7862,DHAN_HISTORY,2026-03-15 17:26:40
BHEL,2025-12-04 09:42:00,278.4,278.6,278.4,278.6,4959,DHAN_HISTORY,2026-03-15 17:26:40
BHEL,2025-12-04 09:43:00,278.55,278.75,278.45,278.75,12574,DHAN_HISTORY,2026-03-15 17:26:40
BHEL,2025-12-04 09:44:00,278.8,279.55,278.7,279.45,21861,DHAN_HISTORY,2026-03-15 17:26:40
BHEL,2025-12-04 09:45:00,279.4,279.5,279.15,279.35,17151,DHAN_HISTORY,2026-03-15 17:26:40
BHEL,2025-12-04 09:46:00,279.35,279.35,278.95,279.0,11144,DHAN_HISTORY,2026-03-15 17:26:40
BHEL,2025-12-04 09:47:00,278.95,279.2,278.9,279.0,5551,DHAN_HISTORY,2026-03-15 17:26:40
BHEL,2025-12-04 09:48:00,279.0,279.05,278.85,279.05,4856,DHAN_HISTORY,2026-03-15 17:26:40
BHEL,2025-12-04 09:49:00,279.0,279.0,278.65,278.65,20327,DHAN_HISTORY,2026-03-15 17:26:40
BHEL,2025-12-04 09:50:00,278.6,278.95,278.6,278.95,2441,DHAN_HISTORY,2026-03-15 17:26:40
BHEL,2025-12-04 09:51:00,278.8,278.9,278.75,278.85,1624,DHAN_HISTORY,2026-03-15 17:26:40
BHEL,2025-12-04 09:52:00,278.75,279.2,278.75,279.1,14128,DHAN_HISTORY,2026-03-15 17:26:40
BHEL,2025-12-04 09:53:00,279.1,279.1,277.35,277.55,156005,DHAN_HISTORY,2026-03-15 17:26:40
BHEL,2025-12-04 09:54:00,277.5,277.55,277.35,277.5,6179,DHAN_HISTORY,2026-03-15 17:26:40
BHEL,2025-12-04 09:55:00,277.4,277.5,277.4,277.4,4655,DHAN_HISTORY,2026-03-15 17:26:40
BHEL,2025-12-04 09:56:00,277.4,277.55,277.15,277.4,12426,DHAN_HISTORY,2026-03-15 17:26:40
BHEL,2025-12-04 09:57:00,277.4,277.4,276.55,276.85,34842,DHAN_HISTORY,2026-03-15 17:26:40
BHEL,2025-12-04 09:58:00,276.85,276.85,276.6,276.8,20393,DHAN_HISTORY,2026-03-15 17:26:40
BHEL,2025-12-04 09:59:00,276.75,276.85,276.6,276.75,7843,DHAN_HISTORY,2026-03-15 17:26:40
BHEL,2025-12-04 10:00:00,276.9,277.1,276.8,277.05,9175,DHAN_HISTORY,2026-03-15 17:26:40
BHEL,2025-12-04 10:01:00,277.05,277.4,277.05,277.25,5024,DHAN_HISTORY,2026-03-15 17:26:40
BHEL,2025-12-04 10:02:00,277.25,277.5,277.2,277.3,3352,DHAN_HISTORY,2026-03-15 17:26:40
BHEL,2025-12-04 10:03:00,277.45,277.45,277.05,277.1,7268,DHAN_HISTORY,2026-03-15 17:26:40
BHEL,2025-12-04 10:04:00,277.2,277.2,277.0,277.15,2423,DHAN_HISTORY,2026-03-15 17:26:40
BHEL,2025-12-04 10:05:00,277.15,277.15,276.75,276.8,9123,DHAN_HISTORY,2026-03-15 17:26:40
BHEL,2025-12-04 10:06:00,276.8,276.9,276.65,276.8,7205,DHAN_HISTORY,2026-03-15 17:26:40
BHEL,2025-12-04 10:07:00,276.75,276.9,276.65,276.9,5879,DHAN_HISTORY,2026-03-15 17:26:40
BHEL,2025-12-04 10:08:00,276.9,276.9,276.7,276.75,3904,DHAN_HISTORY,2026-03-15 17:26:40
BHEL,2025-12-04 10:09:00,276.7,276.75,276.45,276.5,18947,DHAN_HISTORY,2026-03-15 17:26:40
BHEL,2025-12-04 10:10:00,276.5,276.6,276.3,276.3,6146,DHAN_HISTORY,2026-03-15 17:26:40
BHEL,2025-12-04 10:11:00,276.3,276.45,276.2,276.2,6976,DHAN_HISTORY,2026-03-15 17:26:40
BHEL,2025-12-04 10:12:00,276.25,276.35,276.1,276.15,9666,DHAN_HISTORY,2026-03-15 17:26:40
BHEL,2025-12-04 10:13:00,276.15,276.65,276.15,276.6,15407,DHAN_HISTORY,2026-03-15 17:26:40
BHEL,2025-12-04 10:14:00,276.65,276.8,276.6,276.7,6332,DHAN_HISTORY,2026-03-15 17:26:40
BHEL,2025-12-04 10:15:00,276.7,276.7,276.5,276.6,8801,DHAN_HISTORY,2026-03-15 17:26:40
BHEL,2025-12-04 10:16:00,276.7,276.7,276.6,276.6,1484,DHAN_HISTORY,2026-03-15 17:26:40
BHEL,2025-12-04 10:17:00,276.7,276.9,276.6,276.8,4385,DHAN_HISTORY,2026-03-15 17:26:40
BHEL,2025-12-04 10:18:00,276.9,277.3,276.9,277.3,10666,DHAN_HISTORY,2026-03-15 17:26:40
BHEL,2025-12-04 10:19:00,277.55,277.75,277.55,277.65,14368,DHAN_HISTORY,2026-03-15 17:26:40
BHEL,2025-12-04 10:20:00,277.6,277.95,277.6,277.9,10429,DHAN_HISTORY,2026-03-15 17:26:40
BHEL,2025-12-04 10:21:00,277.8,278.0,277.75,277.85,33619,DHAN_HISTORY,2026-03-15 17:26:40
BHEL,2025-12-04 10:22:00,277.85,277.9,277.55,277.55,7469,DHAN_HISTORY,2026-03-15 17:26:40
BHEL,2025-12-04 10:23:00,277.5,277.65,277.5,277.5,2137,DHAN_HISTORY,2026-03-15 17:26:40
BHEL,2025-12-04 10:24:00,277.5,277.75,277.5,277.7,6907,DHAN_HISTORY,2026-03-15 17:26:40
BHEL,2025-12-04 10:25:00,277.7,277.7,277.55,277.7,2262,DHAN_HISTORY,2026-03-15 17:26:40
BHEL,2025-12-04 10:26:00,277.75,277.75,277.4,277.5,6714,DHAN_HISTORY,2026-03-15 17:26:40
BHEL,2025-12-04 10:27:00,277.5,277.65,277.45,277.5,895,DHAN_HISTORY,2026-03-15 17:26:40
BHEL,2025-12-04 10:28:00,277.5,277.75,277.45,277.45,2322,DHAN_HISTORY,2026-03-15 17:26:40
BHEL,2025-12-04 10:29:00,277.5,277.85,277.45,277.7,11396,DHAN_HISTORY,2026-03-15 17:26:40
BHEL,2025-12-04 10:30:00,277.6,277.8,277.5,277.7,4996,DHAN_HISTORY,2026-03-15 17:26:40
BHEL,2025-12-04 10:31:00,277.6,277.75,277.55,277.7,1279,DHAN_HISTORY,2026-03-15 17:26:40
BHEL,2025-12-04 10:32:00,277.7,277.7,277.55,277.6,1426,DHAN_HISTORY,2026-03-15 17:26:40
BHEL,2025-12-04 10:33:00,277.6,277.8,277.55,277.7,2677,DHAN_HISTORY,2026-03-15 17:26:40
BHEL,2025-12-04 10:34:00,277.65,277.7,277.6,277.7,618,DHAN_HISTORY,2026-03-15 17:26:40
BHEL,2025-12-04 10:35:00,277.7,277.7,277.6,277.7,1360,DHAN_HISTORY,2026-03-15 17:26:40
BHEL,2025-12-04 10:36:00,277.7,277.75,277.6,277.75,1907,DHAN_HISTORY,2026-03-15 17:26:40
BHEL,2025-12-04 10:37:00,277.65,277.75,277.5,277.5,8637,DHAN_HISTORY,2026-03-15 17:26:40
BHEL,2025-12-04 10:38:00,277.25,277.55,277.05,277.25,13732,DHAN_HISTORY,2026-03-15 17:26:40
BHEL,2025-12-04 10:39:00,277.2,277.3,277.1,277.1,1356,DHAN_HISTORY,2026-03-15 17:26:40
BHEL,2025-12-04 10:40:00,277.2,277.25,277.1,277.1,3072,DHAN_HISTORY,2026-03-15 17:26:40
BHEL,2025-12-04 10:41:00,277.2,277.25,277.1,277.2,767,DHAN_HISTORY,2026-03-15 17:26:40
BHEL,2025-12-04 10:42:00,277.25,277.45,277.2,277.4,177964,DHAN_HISTORY,2026-03-15 17:26:40
BHEL,2025-12-04 10:43:00,277.3,277.55,277.25,277.25,1644,DHAN_HISTORY,2026-03-15 17:26:40
BHEL,2025-12-04 10:44:00,277.4,277.45,277.25,277.4,899,DHAN_HISTORY,2026-03-15 17:26:40
BHEL,2025-12-04 10:45:00,277.3,277.5,277.25,277.25,8279,DHAN_HISTORY,2026-03-15 17:26:40
BHEL,2025-12-04 10:46:00,277.3,277.45,277.3,277.45,677,DHAN_HISTORY,2026-03-15 17:26:40
BHEL,2025-12-04 10:47:00,277.3,277.4,277.05,277.1,38448,DHAN_HISTORY,2026-03-15 17:26:40
BHEL,2025-12-04 10:48:00,277.15,277.2,276.75,276.9,45260,DHAN_HISTORY,2026-03-15 17:26:40
BHEL,2025-12-04 10:49:00,276.75,276.9,276.55,276.7,9834,DHAN_HISTORY,2026-03-15 17:26:40
BHEL,2025-12-04 10:50:00,276.6,276.75,276.5,276.6,2010,DHAN_HISTORY,2026-03-15 17:26:40
BHEL,2025-12-04 10:51:00,276.6,276.7,276.6,276.7,3142,DHAN_HISTORY,2026-03-15 17:26:40
BHEL,2025-12-04 10:52:00,276.7,276.75,276.6,276.7,2040,DHAN_HISTORY,2026-03-15 17:26:40
BHEL,2025-12-04 10:53:00,276.75,276.75,276.5,276.6,7732,DHAN_HISTORY,2026-03-15 17:26:40
BHEL,2025-12-04 10:54:00,276.5,276.7,276.5,276.6,2732,DHAN_HISTORY,2026-03-15 17:26:40
BHEL,2025-12-04 10:55:00,276.55,276.7,276.5,276.7,1494,DHAN_HISTORY,2026-03-15 17:26:40
BHEL,2025-12-04 10:56:00,276.55,276.75,276.5,276.6,4147,DHAN_HISTORY,2026-03-15 17:26:40
BHEL,2025-12-04 10:57:00,276.55,276.7,276.5,276.65,1714,DHAN_HISTORY,2026-03-15 17:26:40
BHEL,2025-12-04 10:58:00,276.7,277.0,276.65,276.95,5478,DHAN_HISTORY,2026-03-15 17:26:40
BHEL,2025-12-04 10:59:00,277.0,277.0,276.85,276.9,908,DHAN_HISTORY,2026-03-15 17:26:40
BHEL,2025-12-04 11:00:00,276.9,277.0,276.85,276.85,1198,DHAN_HISTORY,2026-03-15 17:26:40
BHEL,2025-12-04 11:01:00,276.85,277.0,276.85,277.0,602,DHAN_HISTORY,2026-03-15 17:26:40
BHEL,2025-12-04 11:02:00,277.0,277.1,276.8,276.95,1058,DHAN_HISTORY,2026-03-15 17:26:40
BHEL,2025-12-04 11:03:00,277.0,277.05,276.95,277.0,1176,DHAN_HISTORY,2026-03-15 17:26:40
BHEL,2025-12-04 11:04:00,277.0,277.25,277.0,277.25,1731,DHAN_HISTORY,2026-03-15 17:26:40
BHEL,2025-12-04 11:05:00,277.25,277.25,277.1,277.1,692,DHAN_HISTORY,2026-03-15 17:26:40
BHEL,2025-12-04 11:06:00,277.2,277.2,277.0,277.0,5728,DHAN_HISTORY,2026-03-15 17:26:40
BHEL,2025-12-04 11:07:00,277.0,277.0,276.75,276.85,2509,DHAN_HISTORY,2026-03-15 17:26:40
BHEL,2025-12-04 11:08:00,276.85,276.85,276.15,276.2,12114,DHAN_HISTORY,2026-03-15 17:26:40
BHEL,2025-12-04 11:09:00,276.1,276.1,275.6,275.75,66488,DHAN_HISTORY,2026-03-15 17:26:40
BHEL,2025-12-04 11:10:00,275.75,275.9,275.75,275.8,5113,DHAN_HISTORY,2026-03-15 17:26:40
BHEL,2025-12-04 11:11:00,275.9,276.0,275.8,275.8,34746,DHAN_HISTORY,2026-03-15 17:26:40
BHEL,2025-12-04 11:12:00,275.85,275.9,275.6,275.65,49493,DHAN_HISTORY,2026-03-15 17:26:40
BHEL,2025-12-04 11:13:00,275.7,276.0,275.65,275.8,24312,DHAN_HISTORY,2026-03-15 17:26:40
BHEL,2025-12-04 11:14:00,275.8,275.95,275.8,275.85,2642,DHAN_HISTORY,2026-03-15 17:26:40
BHEL,2025-12-04 11:15:00,275.85,276.05,275.65,275.85,48939,DHAN_HISTORY,2026-03-15 17:26:40
BHEL,2025-12-04 11:16:00,275.85,276.0,275.65,275.9,9064,DHAN_HISTORY,2026-03-15 17:26:40
BHEL,2025-12-04 11:17:00,275.9,275.95,275.75,275.75,1716,DHAN_HISTORY,2026-03-15 17:26:40
BHEL,2025-12-04 11:18:00,275.75,275.95,275.6,275.7,7408,DHAN_HISTORY,2026-03-15 17:26:40
BHEL,2025-12-04 11:19:00,275.75,275.75,275.5,275.65,9158,DHAN_HISTORY,2026-03-15 17:26:40
BHEL,2025-12-04 11:20:00,275.5,275.6,275.3,275.4,10027,DHAN_HISTORY,2026-03-15 17:26:40
BHEL,2025-12-04 11:21:00,275.4,275.6,275.4,275.5,9875,DHAN_HISTORY,2026-03-15 17:26:40
BHEL,2025-12-04 11:22:00,275.5,275.55,275.35,275.5,5850,DHAN_HISTORY,2026-03-15 17:26:40
BHEL,2025-12-04 11:23:00,275.45,275.5,275.2,275.3,14700,DHAN_HISTORY,2026-03-15 17:26:40
BHEL,2025-12-04 11:24:00,275.2,275.35,275.1,275.15,4256,DHAN_HISTORY,2026-03-15 17:26:40
BHEL,2025-12-04 11:25:00,275.2,275.25,275.1,275.15,6894,DHAN_HISTORY,2026-03-15 17:26:40
BHEL,2025-12-04 11:26:00,275.1,275.2,275.05,275.05,9005,DHAN_HISTORY,2026-03-15 17:26:40
BHEL,2025-12-04 11:27:00,275.15,275.15,274.85,275.0,29813,DHAN_HISTORY,2026-03-15 17:26:40
BHEL,2025-12-04 11:28:00,274.85,275.0,274.7,274.9,17914,DHAN_HISTORY,2026-03-15 17:26:40
BHEL,2025-12-04 11:29:00,274.9,274.95,274.5,274.6,14309,DHAN_HISTORY,2026-03-15 17:26:40
BHEL,2025-12-04 11:30:00,274.5,274.8,274.5,274.55,46841,DHAN_HISTORY,2026-03-15 17:26:40
BHEL,2025-12-04 11:31:00,274.6,274.85,274.4,274.65,14252,DHAN_HISTORY,2026-03-15 17:26:40
BHEL,2025-12-04 11:32:00,274.55,274.75,274.55,274.75,7372,DHAN_HISTORY,2026-03-15 17:26:40
BHEL,2025-12-04 11:33:00,274.75,274.95,274.7,274.9,14405,DHAN_HISTORY,2026-03-15 17:26:40
BHEL,2025-12-04 11:34:00,274.9,274.95,274.75,274.85,6421,DHAN_HISTORY,2026-03-15 17:26:40
BHEL,2025-12-04 11:35:00,274.95,275.0,274.85,275.0,4530,DHAN_HISTORY,2026-03-15 17:26:40
BHEL,2025-12-04 11:36:00,274.85,275.0,274.85,274.85,1470,DHAN_HISTORY,2026-03-15 17:26:40
BHEL,2025-12-04 11:37:00,274.85,275.0,274.65,274.65,13489,DHAN_HISTORY,2026-03-15 17:26:40
BHEL,2025-12-04 11:38:00,274.65,274.8,274.4,274.4,24216,DHAN_HISTORY,2026-03-15 17:26:40
BHEL,2025-12-04 11:39:00,274.4,274.8,274.4,274.6,66491,DHAN_HISTORY,2026-03-15 17:26:40
BHEL,2025-12-04 11:40:00,274.6,275.4,274.6,275.3,26745,DHAN_HISTORY,2026-03-15 17:26:40
BHEL,2025-12-04 11:41:00,275.45,275.45,275.1,275.1,9738,DHAN_HISTORY,2026-03-15 17:26:40
BHEL,2025-12-04 11:42:00,275.1,275.3,275.05,275.05,14473,DHAN_HISTORY,2026-03-15 17:26:40
BHEL,2025-12-04 11:43:00,275.05,275.35,275.05,275.2,8641,DHAN_HISTORY,2026-03-15 17:26:40
BHEL,2025-12-04 11:44:00,275.2,275.3,275.2,275.2,9671,DHAN_HISTORY,2026-03-15 17:26:40
BHEL,2025-12-04 11:45:00,275.1,275.2,275.0,275.0,5262,DHAN_HISTORY,2026-03-15 17:26:40
BHEL,2025-12-04 11:46:00,275.0,275.3,275.0,275.3,5818,DHAN_HISTORY,2026-03-15 17:26:40
BHEL,2025-12-04 11:47:00,275.3,275.3,274.7,274.7,18001,DHAN_HISTORY,2026-03-15 17:26:40
BHEL,2025-12-04 11:48:00,274.85,275.0,274.5,274.75,17597,DHAN_HISTORY,2026-03-15 17:26:40
BHEL,2025-12-04 11:49:00,274.85,275.05,274.7,274.9,9049,DHAN_HISTORY,2026-03-15 17:26:40
BHEL,2025-12-04 11:50:00,274.9,274.9,274.7,274.75,2300,DHAN_HISTORY,2026-03-15 17:26:40
BHEL,2025-12-04 11:51:00,274.9,274.9,274.5,274.6,6288,DHAN_HISTORY,2026-03-15 17:26:40
BHEL,2025-12-04 11:52:00,274.55,274.65,274.45,274.55,13522,DHAN_HISTORY,2026-03-15 17:26:40
BHEL,2025-12-04 11:53:00,274.7,274.7,274.5,274.6,11861,DHAN_HISTORY,2026-03-15 17:26:40
BHEL,2025-12-04 11:54:00,274.6,274.7,274.4,274.55,10417,DHAN_HISTORY,2026-03-15 17:26:40
BHEL,2025-12-04 11:55:00,274.45,274.7,274.4,274.65,14212,DHAN_HISTORY,2026-03-15 17:26:40
BHEL,2025-12-04 11:56:00,274.7,274.7,274.45,274.6,4987,DHAN_HISTORY,2026-03-15 17:26:40
BHEL,2025-12-04 11:57:00,274.5,274.6,274.4,274.5,8476,DHAN_HISTORY,2026-03-15 17:26:40
BHEL,2025-12-04 11:58:00,274.55,274.65,274.4,274.4,12344,DHAN_HISTORY,2026-03-15 17:26:40
BHEL,2025-12-04 11:59:00,274.4,274.5,274.4,274.45,4189,DHAN_HISTORY,2026-03-15 17:26:40
BHEL,2025-12-04 12:00:00,274.75,274.85,274.6,274.65,17976,DHAN_HISTORY,2026-03-15 17:26:40
BHEL,2025-12-04 12:01:00,274.6,274.65,274.45,274.45,7032,DHAN_HISTORY,2026-03-15 17:26:40
BHEL,2025-12-04 12:02:00,274.45,274.65,274.45,274.65,6983,DHAN_HISTORY,2026-03-15 17:26:40
BHEL,2025-12-04 12:03:00,274.6,274.8,274.55,274.8,10872,DHAN_HISTORY,2026-03-15 17:26:40
BHEL,2025-12-04 12:04:00,274.75,274.85,274.5,274.6,8498,DHAN_HISTORY,2026-03-15 17:26:40
BHEL,2025-12-04 12:05:00,274.75,275.1,274.55,275.0,28529,DHAN_HISTORY,2026-03-15 17:26:40
BHEL,2025-12-04 12:06:00,274.9,275.15,274.75,274.8,20296,DHAN_HISTORY,2026-03-15 17:26:40
BHEL,2025-12-04 12:07:00,274.8,275.6,274.8,275.5,44459,DHAN_HISTORY,2026-03-15 17:26:40
BHEL,2025-12-04 12:08:00,275.55,275.95,275.5,275.6,54573,DHAN_HISTORY,2026-03-15 17:26:40
BHEL,2025-12-04 12:09:00,275.6,276.0,275.6,275.95,36449,DHAN_HISTORY,2026-03-15 17:26:40
BHEL,2025-12-04 12:10:00,275.75,275.85,275.55,275.7,34610,DHAN_HISTORY,2026-03-15 17:26:40
BHEL,2025-12-04 12:11:00,275.7,275.85,275.7,275.75,6921,DHAN_HISTORY,2026-03-15 17:26:40
BHEL,2025-12-04 12:12:00,275.75,275.95,275.75,275.85,6613,DHAN_HISTORY,2026-03-15 17:26:40
BHEL,2025-12-04 12:13:00,276.0,276.0,275.65,275.65,17521,DHAN_HISTORY,2026-03-15 17:26:40
BHEL,2025-12-04 12:14:00,275.6,276.0,275.6,276.0,20392,DHAN_HISTORY,2026-03-15 17:26:40
BHEL,2025-12-04 12:15:00,276.0,276.05,275.35,275.4,16211,DHAN_HISTORY,2026-03-15 17:26:40
BHEL,2025-12-04 12:16:00,275.35,275.45,275.2,275.3,3950,DHAN_HISTORY,2026-03-15 17:26:40
BHEL,2025-12-04 12:17:00,275.3,275.5,275.3,275.5,5278,DHAN_HISTORY,2026-03-15 17:26:40
BHEL,2025-12-04 12:18:00,275.45,275.95,275.35,275.9,20960,DHAN_HISTORY,2026-03-15 17:26:40
BHEL,2025-12-04 12:19:00,275.95,275.95,275.45,275.45,22545,DHAN_HISTORY,2026-03-15 17:26:40
BHEL,2025-12-04 12:20:00,275.3,275.5,275.0,275.1,8799,DHAN_HISTORY,2026-03-15 17:26:40
BHEL,2025-12-04 12:21:00,275.0,275.35,274.85,275.2,8173,DHAN_HISTORY,2026-03-15 17:26:40
BHEL,2025-12-04 12:22:00,275.15,275.4,275.1,275.25,4222,DHAN_HISTORY,2026-03-15 17:26:40
BHEL,2025-12-04 12:23:00,275.35,275.65,275.25,275.25,29630,DHAN_HISTORY,2026-03-15 17:26:40
BHEL,2025-12-04 12:24:00,275.2,275.35,275.2,275.3,6049,DHAN_HISTORY,2026-03-15 17:26:40
BHEL,2025-12-04 12:25:00,275.25,275.55,275.2,275.45,28455,DHAN_HISTORY,2026-03-15 17:26:40
BHEL,2025-12-04 12:26:00,275.45,276.2,275.45,276.0,420057,DHAN_HISTORY,2026-03-15 17:26:40
BHEL,2025-12-04 12:27:00,276.0,276.1,275.75,276.1,49584,DHAN_HISTORY,2026-03-15 17:26:40
BHEL,2025-12-04 12:28:00,276.25,276.8,276.0,276.0,50868,DHAN_HISTORY,2026-03-15 17:26:40
BHEL,2025-12-04 12:29:00,276.0,276.05,275.65,275.65,10678,DHAN_HISTORY,2026-03-15 17:26:40
BHEL,2025-12-04 12:30:00,275.6,275.65,275.4,275.5,4312,DHAN_HISTORY,2026-03-15 17:26:40
BHEL,2025-12-04 12:31:00,275.45,275.75,275.45,275.45,207766,DHAN_HISTORY,2026-03-15 17:26:40
BHEL,2025-12-04 12:32:00,275.5,275.5,275.3,275.3,1393,DHAN_HISTORY,2026-03-15 17:26:40
BHEL,2025-12-04 12:33:00,275.3,275.85,275.3,275.7,12738,DHAN_HISTORY,2026-03-15 17:26:40
BHEL,2025-12-04 12:34:00,275.85,276.35,275.85,276.2,5895,DHAN_HISTORY,2026-03-15 17:26:40
BHEL,2025-12-04 12:35:00,276.15,276.3,275.85,275.85,13728,DHAN_HISTORY,2026-03-15 17:26:40
BHEL,2025-12-04 12:36:00,275.9,276.15,275.85,276.05,4108,DHAN_HISTORY,2026-03-15 17:26:40
BHEL,2025-12-04 12:37:00,276.1,276.25,275.9,275.95,330300,DHAN_HISTORY,2026-03-15 17:26:40
BHEL,2025-12-04 12:38:00,275.95,276.25,275.75,276.0,17652,DHAN_HISTORY,2026-03-15 17:26:40
BHEL,2025-12-04 12:39:00,276.05,276.15,275.95,276.15,7127,DHAN_HISTORY,2026-03-15 17:26:40
BHEL,2025-12-04 12:40:00,276.1,276.15,275.9,275.9,3100,DHAN_HISTORY,2026-03-15 17:26:40
BHEL,2025-12-04 12:41:00,275.95,275.95,275.75,275.8,3507,DHAN_HISTORY,2026-03-15 17:26:40
BHEL,2025-12-04 12:42:00,275.8,275.9,275.7,275.7,1712,DHAN_HISTORY,2026-03-15 17:26:40
BHEL,2025-12-04 12:43:00,275.7,275.9,275.6,275.6,3061,DHAN_HISTORY,2026-03-15 17:26:40
BHEL,2025-12-04 12:44:00,275.75,276.0,275.6,275.95,12330,DHAN_HISTORY,2026-03-15 17:26:40
BHEL,2025-12-04 12:45:00,275.9,275.9,275.5,275.6,7066,DHAN_HISTORY,2026-03-15 17:26:40
BHEL,2025-12-04 12:46:00,275.65,275.75,275.5,275.5,4420,DHAN_HISTORY,2026-03-15 17:26:40
BHEL,2025-12-04 12:47:00,275.5,275.85,275.5,275.65,2136,DHAN_HISTORY,2026-03-15 17:26:40
BHEL,2025-12-04 12:48:00,275.65,275.85,275.5,275.85,13596,DHAN_HISTORY,2026-03-15 17:26:40
BHEL,2025-12-04 12:49:00,275.9,275.9,275.65,275.65,13729,DHAN_HISTORY,2026-03-15 17:26:40
BHEL,2025-12-04 12:50:00,275.65,275.75,275.55,275.65,27883,DHAN_HISTORY,2026-03-15 17:26:40
BHEL,2025-12-04 12:51:00,275.65,275.9,275.65,275.75,3403,DHAN_HISTORY,2026-03-15 17:26:40
BHEL,2025-12-04 12:52:00,275.9,275.95,275.7,275.85,10738,DHAN_HISTORY,2026-03-15 17:26:40
BHEL,2025-12-04 12:53:00,275.75,276.1,275.75,276.1,12206,DHAN_HISTORY,2026-03-15 17:26:40
BHEL,2025-12-04 12:54:00,276.0,276.15,276.0,276.1,4784,DHAN_HISTORY,2026-03-15 17:26:40
BHEL,2025-12-04 12:55:00,276.15,276.15,275.6,275.85,11610,DHAN_HISTORY,2026-03-15 17:26:40
BHEL,2025-12-04 12:56:00,275.8,275.9,275.8,275.8,1544,DHAN_HISTORY,2026-03-15 17:26:40
BHEL,2025-12-04 12:57:00,275.9,276.2,275.9,276.2,23535,DHAN_HISTORY,2026-03-15 17:26:40
BHEL,2025-12-04 12:58:00,276.05,276.35,276.0,276.05,19603,DHAN_HISTORY,2026-03-15 17:26:40
BHEL,2025-12-04 12:59:00,276.1,276.5,276.05,276.5,19969,DHAN_HISTORY,2026-03-15 17:26:40
BHEL,2025-12-04 13:00:00,276.45,276.55,276.25,276.55,17721,DHAN_HISTORY,2026-03-15 17:26:40
BHEL,2025-12-04 13:01:00,276.55,276.8,276.55,276.7,15718,DHAN_HISTORY,2026-03-15 17:26:40
BHEL,2025-12-04 13:02:00,276.65,276.7,276.2,276.35,17873,DHAN_HISTORY,2026-03-15 17:26:40
BHEL,2025-12-04 13:03:00,276.2,276.45,276.2,276.45,10926,DHAN_HISTORY,2026-03-15 17:26:40
BHEL,2025-12-04 13:04:00,276.35,276.7,276.35,276.7,9579,DHAN_HISTORY,2026-03-15 17:26:40
BHEL,2025-12-04 13:05:00,276.6,276.75,276.0,276.65,339790,DHAN_HISTORY,2026-03-15 17:26:40
BHEL,2025-12-04 13:06:00,276.6,276.7,276.3,276.5,13091,DHAN_HISTORY,2026-03-15 17:26:40
BHEL,2025-12-04 13:07:00,276.5,276.85,276.45,276.85,4295,DHAN_HISTORY,2026-03-15 17:26:40
BHEL,2025-12-04 13:08:00,276.9,277.75,276.85,277.6,67370,DHAN_HISTORY,2026-03-15 17:26:40
BHEL,2025-12-04 13:09:00,277.6,277.75,277.25,277.4,16301,DHAN_HISTORY,2026-03-15 17:26:40
BHEL,2025-12-04 13:10:00,277.4,277.45,277.0,277.1,15173,DHAN_HISTORY,2026-03-15 17:26:40
BHEL,2025-12-04 13:11:00,276.9,277.0,276.6,276.6,18878,DHAN_HISTORY,2026-03-15 17:26:40
BHEL,2025-12-04 13:12:00,276.7,276.8,276.5,276.5,20926,DHAN_HISTORY,2026-03-15 17:26:40
BHEL,2025-12-04 13:13:00,276.4,276.5,276.15,276.25,287429,DHAN_HISTORY,2026-03-15 17:26:40
BHEL,2025-12-04 13:14:00,276.45,276.9,276.4,276.9,36549,DHAN_HISTORY,2026-03-15 17:26:40
BHEL,2025-12-04 13:15:00,276.9,276.95,276.65,276.85,11364,DHAN_HISTORY,2026-03-15 17:26:40
BHEL,2025-12-04 13:16:00,276.85,276.85,276.3,276.3,87724,DHAN_HISTORY,2026-03-15 17:26:40
BHEL,2025-12-04 13:17:00,276.3,276.3,276.0,276.2,195943,DHAN_HISTORY,2026-03-15 17:26:40
BHEL,2025-12-04 13:18:00,276.2,276.4,276.05,276.05,52553,DHAN_HISTORY,2026-03-15 17:26:40
BHEL,2025-12-04 13:19:00,276.05,276.35,275.85,276.05,39899,DHAN_HISTORY,2026-03-15 17:26:40
BHEL,2025-12-04 13:20:00,276.05,276.05,275.9,275.9,7789,DHAN_HISTORY,2026-03-15 17:26:40
BHEL,2025-12-04 13:21:00,275.9,276.05,275.9,275.95,6324,DHAN_HISTORY,2026-03-15 17:26:40
BHEL,2025-12-04 13:22:00,276.1,276.5,276.0,276.4,17883,DHAN_HISTORY,2026-03-15 17:26:40
BHEL,2025-12-04 13:23:00,276.6,276.65,276.15,276.35,149114,DHAN_HISTORY,2026-03-15 17:26:40
BHEL,2025-12-04 13:24:00,276.35,276.75,276.3,276.7,11059,DHAN_HISTORY,2026-03-15 17:26:40
BHEL,2025-12-04 13:25:00,276.7,276.85,276.65,276.65,12855,DHAN_HISTORY,2026-03-15 17:26:40
BHEL,2025-12-04 13:26:00,276.55,276.8,276.55,276.65,7704,DHAN_HISTORY,2026-03-15 17:26:40
BHEL,2025-12-04 13:27:00,276.95,276.95,276.65,276.65,12895,DHAN_HISTORY,2026-03-15 17:26:40
BHEL,2025-12-04 13:28:00,276.65,276.7,276.5,276.5,8035,DHAN_HISTORY,2026-03-15 17:26:40
BHEL,2025-12-04 13:29:00,276.45,276.9,276.3,276.75,29237,DHAN_HISTORY,2026-03-15 17:26:40
BHEL,2025-12-04 13:30:00,276.85,277.35,276.75,277.05,34684,DHAN_HISTORY,2026-03-15 17:26:40
BHEL,2025-12-04 13:31:00,276.9,276.95,276.75,276.9,4821,DHAN_HISTORY,2026-03-15 17:26:40
BHEL,2025-12-04 13:32:00,276.9,277.05,276.75,276.95,12654,DHAN_HISTORY,2026-03-15 17:26:40
BHEL,2025-12-04 13:33:00,277.0,277.05,276.85,276.95,4948,DHAN_HISTORY,2026-03-15 17:26:40
BHEL,2025-12-04 13:34:00,276.95,277.0,276.7,276.75,5590,DHAN_HISTORY,2026-03-15 17:26:40
BHEL,2025-12-04 13:35:00,276.75,276.75,276.4,276.5,7693,DHAN_HISTORY,2026-03-15 17:26:40
BHEL,2025-12-04 13:36:00,276.45,276.6,276.3,276.3,19312,DHAN_HISTORY,2026-03-15 17:26:40
BHEL,2025-12-04 13:37:00,276.45,276.8,276.25,276.4,24166,DHAN_HISTORY,2026-03-15 17:26:40
BHEL,2025-12-04 13:38:00,276.35,276.55,276.25,276.55,14989,DHAN_HISTORY,2026-03-15 17:26:40
BHEL,2025-12-04 13:39:00,276.7,276.7,276.55,276.55,11344,DHAN_HISTORY,2026-03-15 17:26:40
BHEL,2025-12-04 13:40:00,276.55,276.6,276.35,276.55,8372,DHAN_HISTORY,2026-03-15 17:26:40
BHEL,2025-12-04 13:41:00,276.5,276.5,276.05,276.2,7286,DHAN_HISTORY,2026-03-15 17:26:40
BHEL,2025-12-04 13:42:00,276.1,276.25,276.0,276.25,12820,DHAN_HISTORY,2026-03-15 17:26:40
BHEL,2025-12-04 13:43:00,276.25,276.5,276.1,276.3,13633,DHAN_HISTORY,2026-03-15 17:26:40
BHEL,2025-12-04 13:44:00,276.4,276.55,276.35,276.55,5030,DHAN_HISTORY,2026-03-15 17:26:40
BHEL,2025-12-04 13:45:00,276.5,276.6,276.05,276.2,25089,DHAN_HISTORY,2026-03-15 17:26:40
BHEL,2025-12-04 13:46:00,276.2,276.55,276.2,276.55,8934,DHAN_HISTORY,2026-03-15 17:26:40
BHEL,2025-12-04 13:47:00,276.5,276.5,276.25,276.45,6090,DHAN_HISTORY,2026-03-15 17:26:40
BHEL,2025-12-04 13:48:00,276.45,276.6,276.35,276.55,5063,DHAN_HISTORY,2026-03-15 17:26:40
BHEL,2025-12-04 13:49:00,276.55,276.9,276.5,276.8,9626,DHAN_HISTORY,2026-03-15 17:26:40
BHEL,2025-12-04 13:50:00,276.85,276.9,276.7,276.75,5958,DHAN_HISTORY,2026-03-15 17:26:40
BHEL,2025-12-04 13:51:00,276.8,277.0,276.65,276.95,9804,DHAN_HISTORY,2026-03-15 17:26:40
BHEL,2025-12-04 13:52:00,276.95,277.0,276.9,276.95,7366,DHAN_HISTORY,2026-03-15 17:26:40
BHEL,2025-12-04 13:53:00,276.95,276.95,276.55,276.65,11380,DHAN_HISTORY,2026-03-15 17:26:40
BHEL,2025-12-04 13:54:00,276.65,276.8,276.55,276.6,10836,DHAN_HISTORY,2026-03-15 17:26:40
BHEL,2025-12-04 13:55:00,276.55,276.6,276.15,276.15,11871,DHAN_HISTORY,2026-03-15 17:26:40
BHEL,2025-12-04 13:56:00,276.3,276.4,276.2,276.25,3584,DHAN_HISTORY,2026-03-15 17:26:40
BHEL,2025-12-04 13:57:00,276.25,276.25,276.0,276.15,19874,DHAN_HISTORY,2026-03-15 17:26:40
BHEL,2025-12-04 13:58:00,276.15,276.2,275.9,276.0,8804,DHAN_HISTORY,2026-03-15 17:26:40
BHEL,2025-12-04 13:59:00,276.0,276.1,275.9,275.95,6122,DHAN_HISTORY,2026-03-15 17:26:40
BHEL,2025-12-04 14:00:00,275.95,276.0,275.9,275.9,6383,DHAN_HISTORY,2026-03-15 17:26:40
BHEL,2025-12-04 14:01:00,275.95,276.35,275.9,276.3,8026,DHAN_HISTORY,2026-03-15 17:26:40
BHEL,2025-12-04 14:02:00,276.3,276.4,276.2,276.2,6334,DHAN_HISTORY,2026-03-15 17:26:40
BHEL,2025-12-04 14:03:00,276.3,276.3,276.15,276.3,11241,DHAN_HISTORY,2026-03-15 17:26:40
BHEL,2025-12-04 14:04:00,276.3,276.6,276.3,276.45,12273,DHAN_HISTORY,2026-03-15 17:26:40
BHEL,2025-12-04 14:05:00,276.4,276.4,275.95,276.0,10425,DHAN_HISTORY,2026-03-15 17:26:40
BHEL,2025-12-04 14:06:00,276.0,276.35,276.0,276.25,4285,DHAN_HISTORY,2026-03-15 17:26:40
BHEL,2025-12-04 14:07:00,276.25,276.45,276.25,276.35,6032,DHAN_HISTORY,2026-03-15 17:26:40
BHEL,2025-12-04 14:08:00,276.4,276.5,276.3,276.4,6252,DHAN_HISTORY,2026-03-15 17:26:40
BHEL,2025-12-04 14:09:00,276.45,276.6,276.35,276.55,14805,DHAN_HISTORY,2026-03-15 17:26:40
BHEL,2025-12-04 14:10:00,276.4,276.9,276.4,276.8,17398,DHAN_HISTORY,2026-03-15 17:26:40
BHEL,2025-12-04 14:11:00,276.85,276.85,276.5,276.5,5453,DHAN_HISTORY,2026-03-15 17:26:40
BHEL,2025-12-04 14:12:00,276.6,276.65,276.5,276.55,5049,DHAN_HISTORY,2026-03-15 17:26:40
BHEL,2025-12-04 14:13:00,276.6,276.7,276.5,276.55,12482,DHAN_HISTORY,2026-03-15 17:26:40
BHEL,2025-12-04 14:14:00,276.6,276.8,276.45,276.75,8273,DHAN_HISTORY,2026-03-15 17:26:40
BHEL,2025-12-04 14:15:00,276.8,276.95,276.6,276.75,7067,DHAN_HISTORY,2026-03-15 17:26:40
BHEL,2025-12-04 14:16:00,276.75,276.8,276.5,276.6,12350,DHAN_HISTORY,2026-03-15 17:26:40
BHEL,2025-12-04 14:17:00,276.6,276.9,276.55,276.85,13536,DHAN_HISTORY,2026-03-15 17:26:40
BHEL,2025-12-04 14:18:00,276.9,276.9,276.6,276.8,16650,DHAN_HISTORY,2026-03-15 17:26:40
BHEL,2025-12-04 14:19:00,276.8,276.8,276.4,276.4,14922,DHAN_HISTORY,2026-03-15 17:26:40
BHEL,2025-12-04 14:20:00,276.45,276.45,276.15,276.2,12303,DHAN_HISTORY,2026-03-15 17:26:40
BHEL,2025-12-04 14:21:00,276.15,276.25,276.0,276.0,12580,DHAN_HISTORY,2026-03-15 17:26:40
BHEL,2025-12-04 14:22:00,276.1,276.2,276.0,276.15,15438,DHAN_HISTORY,2026-03-15 17:26:40
BHEL,2025-12-04 14:23:00,276.15,276.7,276.1,276.7,14701,DHAN_HISTORY,2026-03-15 17:26:40
BHEL,2025-12-04 14:24:00,276.7,276.7,276.4,276.45,15929,DHAN_HISTORY,2026-03-15 17:26:40
BHEL,2025-12-04 14:25:00,276.45,276.45,276.25,276.4,16473,DHAN_HISTORY,2026-03-15 17:26:40
BHEL,2025-12-04 14:26:00,276.45,276.65,276.25,276.3,21774,DHAN_HISTORY,2026-03-15 17:26:40
BHEL,2025-12-04 14:27:00,276.45,276.45,276.2,276.4,20270,DHAN_HISTORY,2026-03-15 17:26:40
BHEL,2025-12-04 14:28:00,276.4,276.4,276.2,276.3,12941,DHAN_HISTORY,2026-03-15 17:26:40
BHEL,2025-12-04 14:29:00,276.4,276.45,276.3,276.4,11658,DHAN_HISTORY,2026-03-15 17:26:40
BHEL,2025-12-04 14:30:00,276.45,276.95,276.4,276.8,25505,DHAN_HISTORY,2026-03-15 17:26:40
BHEL,2025-12-04 14:31:00,276.8,276.95,276.75,276.8,13653,DHAN_HISTORY,2026-03-15 17:26:40
BHEL,2025-12-04 14:32:00,276.8,276.9,276.35,276.4,36530,DHAN_HISTORY,2026-03-15 17:26:40
BHEL,2025-12-04 14:33:00,276.3,276.5,276.05,276.4,23541,DHAN_HISTORY,2026-03-15 17:26:40
BHEL,2025-12-04 14:34:00,276.4,276.45,276.05,276.05,10821,DHAN_HISTORY,2026-03-15 17:26:40
BHEL,2025-12-04 14:35:00,276.1,276.25,275.75,275.9,27001,DHAN_HISTORY,2026-03-15 17:26:40
BHEL,2025-12-04 14:36:00,276.0,276.0,275.75,275.75,21927,DHAN_HISTORY,2026-03-15 17:26:40
BHEL,2025-12-04 14:37:00,275.9,275.95,275.7,275.7,15843,DHAN_HISTORY,2026-03-15 17:26:40
BHEL,2025-12-04 14:38:00,275.75,276.0,275.75,275.85,14246,DHAN_HISTORY,2026-03-15 17:26:40
BHEL,2025-12-04 14:39:00,275.9,276.25,275.9,276.1,27891,DHAN_HISTORY,2026-03-15 17:26:40
BHEL,2025-12-04 14:40:00,276.05,276.2,275.95,276.05,11787,DHAN_HISTORY,2026-03-15 17:26:40
BHEL,2025-12-04 14:41:00,276.0,276.2,275.65,275.9,88859,DHAN_HISTORY,2026-03-15 17:26:40
BHEL,2025-12-04 14:42:00,276.05,276.2,275.55,275.65,40015,DHAN_HISTORY,2026-03-15 17:26:40
BHEL,2025-12-04 14:43:00,275.55,275.7,275.5,275.5,13706,DHAN_HISTORY,2026-03-15 17:26:40
BHEL,2025-12-04 14:44:00,275.5,275.65,275.3,275.3,31787,DHAN_HISTORY,2026-03-15 17:26:40
BHEL,2025-12-04 14:45:00,275.4,275.4,275.0,275.0,33014,DHAN_HISTORY,2026-03-15 17:26:40
BHEL,2025-12-04 14:46:00,275.0,275.2,274.9,274.9,19603,DHAN_HISTORY,2026-03-15 17:26:40
BHEL,2025-12-04 14:47:00,275.0,275.2,274.85,275.15,29359,DHAN_HISTORY,2026-03-15 17:26:40
BHEL,2025-12-04 14:48:00,275.15,275.2,274.95,275.05,16068,DHAN_HISTORY,2026-03-15 17:26:40
BHEL,2025-12-04 14:49:00,275.05,275.25,275.0,275.15,17834,DHAN_HISTORY,2026-03-15 17:26:40
BHEL,2025-12-04 14:50:00,275.1,275.3,275.05,275.2,12087,DHAN_HISTORY,2026-03-15 17:26:40
BHEL,2025-12-04 14:51:00,275.15,275.35,275.15,275.3,17454,DHAN_HISTORY,2026-03-15 17:26:40
BHEL,2025-12-04 14:52:00,275.4,275.65,275.25,275.5,16105,DHAN_HISTORY,2026-03-15 17:26:40
BHEL,2025-12-04 14:53:00,275.5,275.7,275.45,275.6,31005,DHAN_HISTORY,2026-03-15 17:26:40
BHEL,2025-12-04 14:54:00,275.55,275.7,275.4,275.55,26929,DHAN_HISTORY,2026-03-15 17:26:40
BHEL,2025-12-04 14:55:00,275.55,275.7,275.45,275.45,12149,DHAN_HISTORY,2026-03-15 17:26:40
BHEL,2025-12-04 14:56:00,275.5,275.9,275.4,275.9,19587,DHAN_HISTORY,2026-03-15 17:26:40
BHEL,2025-12-04 14:57:00,275.95,275.95,275.6,275.6,14729,DHAN_HISTORY,2026-03-15 17:26:40
BHEL,2025-12-04 14:58:00,275.7,275.8,275.5,275.7,10582,DHAN_HISTORY,2026-03-15 17:26:40
BHEL,2025-12-04 14:59:00,275.7,275.8,275.6,275.8,14149,DHAN_HISTORY,2026-03-15 17:26:40
BHEL,2025-12-04 15:00:00,275.8,275.95,275.6,275.7,19346,DHAN_HISTORY,2026-03-15 17:26:40
BHEL,2025-12-04 15:01:00,275.85,276.0,275.7,275.9,17945,DHAN_HISTORY,2026-03-15 17:26:40
BHEL,2025-12-04 15:02:00,275.9,276.1,275.8,275.85,30451,DHAN_HISTORY,2026-03-15 17:26:40
BHEL,2025-12-04 15:03:00,275.8,275.9,275.6,275.6,18537,DHAN_HISTORY,2026-03-15 17:26:40
BHEL,2025-12-04 15:04:00,275.6,275.6,275.35,275.4,37974,DHAN_HISTORY,2026-03-15 17:26:40
BHEL,2025-12-04 15:05:00,275.5,275.85,275.4,275.85,27585,DHAN_HISTORY,2026-03-15 17:26:40
BHEL,2025-12-04 15:06:00,275.85,275.85,275.65,275.65,22067,DHAN_HISTORY,2026-03-15 17:26:40
BHEL,2025-12-04 15:07:00,275.75,275.8,275.5,275.65,25809,DHAN_HISTORY,2026-03-15 17:26:40
BHEL,2025-12-04 15:08:00,275.85,276.2,275.7,276.05,47990,DHAN_HISTORY,2026-03-15 17:26:40
BHEL,2025-12-04 15:09:00,276.15,276.2,275.8,275.95,15983,DHAN_HISTORY,2026-03-15 17:26:40
BHEL,2025-12-04 15:10:00,275.95,275.95,275.7,275.8,32623,DHAN_HISTORY,2026-03-15 17:26:40
BHEL,2025-12-04 15:11:00,275.95,276.05,275.8,276.05,32103,DHAN_HISTORY,2026-03-15 17:26:40
BHEL,2025-12-04 15:12:00,276.05,276.1,275.8,276.0,27547,DHAN_HISTORY,2026-03-15 17:26:40
BHEL,2025-12-04 15:13:00,276.0,276.1,275.85,275.9,35030,DHAN_HISTORY,2026-03-15 17:26:40
BHEL,2025-12-04 15:14:00,276.0,276.2,275.95,275.95,78943,DHAN_HISTORY,2026-03-15 17:26:40
BHEL,2025-12-04 15:15:00,276.05,276.15,275.65,276.15,71738,DHAN_HISTORY,2026-03-15 17:26:40
BHEL,2025-12-04 15:16:00,276.15,276.15,275.75,275.9,22509,DHAN_HISTORY,2026-03-15 17:26:40
BHEL,2025-12-04 15:17:00,275.9,275.95,275.75,275.9,30050,DHAN_HISTORY,2026-03-15 17:26:40
BHEL,2025-12-04 15:18:00,275.9,276.1,275.75,276.05,36636,DHAN_HISTORY,2026-03-15 17:26:40
BHEL,2025-12-04 15:19:00,276.05,276.4,276.0,276.25,68607,DHAN_HISTORY,2026-03-15 17:26:40
BHEL,2025-12-04 15:20:00,276.1,276.2,275.8,275.9,24778,DHAN_HISTORY,2026-03-15 17:26:40
BHEL,2025-12-04 15:21:00,275.85,275.95,275.6,275.7,26833,DHAN_HISTORY,2026-03-15 17:26:40
BHEL,2025-12-04 15:22:00,275.7,275.8,275.4,275.45,26647,DHAN_HISTORY,2026-03-15 17:26:40
BHEL,2025-12-04 15:23:00,275.45,275.45,275.15,275.2,22963,DHAN_HISTORY,2026-03-15 17:26:40
BHEL,2025-12-04 15:24:00,275.25,275.45,275.15,275.4,25864,DHAN_HISTORY,2026-03-15 17:26:40
BHEL,2025-12-04 15:25:00,275.35,275.6,275.3,275.5,38949,DHAN_HISTORY,2026-03-15 17:26:40
BHEL,2025-12-04 15:26:00,275.5,275.8,275.15,275.8,55130,DHAN_HISTORY,2026-03-15 17:26:40
BHEL,2025-12-04 15:27:00,275.8,275.95,275.7,275.8,16566,DHAN_HISTORY,2026-03-15 17:26:40
BHEL,2025-12-04 15:28:00,275.85,275.9,275.4,275.65,22713,DHAN_HISTORY,2026-03-15 17:26:40
BHEL,2025-12-04 15:29:00,275.5,276.2,275.3,275.85,48286,DHAN_HISTORY,2026-03-15 17:26:40
